0. 0. -0.5
3.333333333333333 0. -0.5
6.666666666666666 0. -0.5
10. 0. -0.5
13.333333333333332 0. -0.5
16.666666666666664 0. -0.5
20. 0. -0.5
0. 10. -0.5
3.333333333333333 10. -0.5
6.666666666666666 10. -0.5
10. 10. -0.5
13.333333333333332 10. -0.5
16.666666666666664 10. -0.5
20. 10. -0.5
0. 20. -0.5
3.333333333333333 20. -0.5
6.666666666666666 20. -0.5
10. 20. -0.5
13.333333333333332 20. -0.5
16.666666666666664 20. -0.5
20. 20. -0.5
0. 3.333333333333333 -0.5
0. 6.666666666666666 -0.5
0. 13.333333333333332 -0.5
0. 16.666666666666664 -0.5
10. 3.333333333333333 -0.5
10. 6.666666666666666 -0.5
10. 13.333333333333332 -0.5
10. 16.666666666666664 -0.5
20. 3.333333333333333 -0.5
20. 6.666666666666666 -0.5
20. 13.333333333333332 -0.5
20. 16.666666666666664 -0.5