0. 0. -0.5
3.333333333333333 0. -0.5
6.666666666666666 0. -0.5
10. 0. -0.5
13.333333333333332 0. -0.5
16.666666666666664 0. -0.5
20. 0. -0.5
23.333333333333332 0. -0.5
26.666666666666664 0. -0.5
30. 0. -0.5
33.333333333333336 0. -0.5
36.666666666666664 0. -0.5
40. 0. -0.5
43.333333333333336 0. -0.5
46.666666666666664 0. -0.5
50. 0. -0.5
53.333333333333336 0. -0.5
56.666666666666664 0. -0.5
60. 0. -0.5
0. 10. -0.5
3.333333333333333 10. -0.5
6.666666666666666 10. -0.5
10. 10. -0.5
13.333333333333332 10. -0.5
16.666666666666664 10. -0.5
20. 10. -0.5
23.333333333333332 10. -0.5
26.666666666666664 10. -0.5
30. 10. -0.5
33.333333333333336 10. -0.5
36.666666666666664 10. -0.5
40. 10. -0.5
43.333333333333336 10. -0.5
46.666666666666664 10. -0.5
50. 10. -0.5
53.333333333333336 10. -0.5
56.666666666666664 10. -0.5
60. 10. -0.5
0. 20. -0.5
3.333333333333333 20. -0.5
6.666666666666666 20. -0.5
10. 20. -0.5
13.333333333333332 20. -0.5
16.666666666666664 20. -0.5
20. 20. -0.5
23.333333333333332 20. -0.5
26.666666666666664 20. -0.5
30. 20. -0.5
33.333333333333336 20. -0.5
36.666666666666664 20. -0.5
40. 20. -0.5
43.333333333333336 20. -0.5
46.666666666666664 20. -0.5
50. 20. -0.5
53.333333333333336 20. -0.5
56.666666666666664 20. -0.5
60. 20. -0.5
0. 30. -0.5
3.333333333333333 30. -0.5
6.666666666666666 30. -0.5
10. 30. -0.5
13.333333333333332 30. -0.5
16.666666666666664 30. -0.5
20. 30. -0.5
23.333333333333332 30. -0.5
26.666666666666664 30. -0.5
30. 30. -0.5
33.333333333333336 30. -0.5
36.666666666666664 30. -0.5
40. 30. -0.5
43.333333333333336 30. -0.5
46.666666666666664 30. -0.5
50. 30. -0.5
53.333333333333336 30. -0.5
56.666666666666664 30. -0.5
60. 30. -0.5
0. 40. -0.5
3.333333333333333 40. -0.5
6.666666666666666 40. -0.5
10. 40. -0.5
13.333333333333332 40. -0.5
16.666666666666664 40. -0.5
20. 40. -0.5
23.333333333333332 40. -0.5
26.666666666666664 40. -0.5
30. 40. -0.5
33.333333333333336 40. -0.5
36.666666666666664 40. -0.5
40. 40. -0.5
43.333333333333336 40. -0.5
46.666666666666664 40. -0.5
50. 40. -0.5
53.333333333333336 40. -0.5
56.666666666666664 40. -0.5
60. 40. -0.5
0. 50. -0.5
3.333333333333333 50. -0.5
6.666666666666666 50. -0.5
10. 50. -0.5
13.333333333333332 50. -0.5
16.666666666666664 50. -0.5
20. 50. -0.5
23.333333333333332 50. -0.5
26.666666666666664 50. -0.5
30. 50. -0.5
33.333333333333336 50. -0.5
36.666666666666664 50. -0.5
40. 50. -0.5
43.333333333333336 50. -0.5
46.666666666666664 50. -0.5
50. 50. -0.5
53.333333333333336 50. -0.5
56.666666666666664 50. -0.5
60. 50. -0.5
0. 60. -0.5
3.333333333333333 60. -0.5
6.666666666666666 60. -0.5
10. 60. -0.5
13.333333333333332 60. -0.5
16.666666666666664 60. -0.5
20. 60. -0.5
23.333333333333332 60. -0.5
26.666666666666664 60. -0.5
30. 60. -0.5
33.333333333333336 60. -0.5
36.666666666666664 60. -0.5
40. 60. -0.5
43.333333333333336 60. -0.5
46.666666666666664 60. -0.5
50. 60. -0.5
53.333333333333336 60. -0.5
56.666666666666664 60. -0.5
60. 60. -0.5
0. 3.333333333333333 -0.5
0. 6.666666666666666 -0.5
0. 13.333333333333332 -0.5
0. 16.666666666666664 -0.5
0. 23.333333333333332 -0.5
0. 26.666666666666664 -0.5
0. 33.333333333333336 -0.5
0. 36.666666666666664 -0.5
0. 43.333333333333336 -0.5
0. 46.666666666666664 -0.5
0. 53.333333333333336 -0.5
0. 56.666666666666664 -0.5
10. 3.333333333333333 -0.5
10. 6.666666666666666 -0.5
10. 13.333333333333332 -0.5
10. 16.666666666666664 -0.5
10. 23.333333333333332 -0.5
10. 26.666666666666664 -0.5
10. 33.333333333333336 -0.5
10. 36.666666666666664 -0.5
10. 43.333333333333336 -0.5
10. 46.666666666666664 -0.5
10. 53.333333333333336 -0.5
10. 56.666666666666664 -0.5
20. 3.333333333333333 -0.5
20. 6.666666666666666 -0.5
20. 13.333333333333332 -0.5
20. 16.666666666666664 -0.5
20. 23.333333333333332 -0.5
20. 26.666666666666664 -0.5
20. 33.333333333333336 -0.5
20. 36.666666666666664 -0.5
20. 43.333333333333336 -0.5
20. 46.666666666666664 -0.5
20. 53.333333333333336 -0.5
20. 56.666666666666664 -0.5
30. 3.333333333333333 -0.5
30. 6.666666666666666 -0.5
30. 13.333333333333332 -0.5
30. 16.666666666666664 -0.5
30. 23.333333333333332 -0.5
30. 26.666666666666664 -0.5
30. 33.333333333333336 -0.5
30. 36.666666666666664 -0.5
30. 43.333333333333336 -0.5
30. 46.666666666666664 -0.5
30. 53.333333333333336 -0.5
30. 56.666666666666664 -0.5
40. 3.333333333333333 -0.5
40. 6.666666666666666 -0.5
40. 13.333333333333332 -0.5
40. 16.666666666666664 -0.5
40. 23.333333333333332 -0.5
40. 26.666666666666664 -0.5
40. 33.333333333333336 -0.5
40. 36.666666666666664 -0.5
40. 43.333333333333336 -0.5
40. 46.666666666666664 -0.5
40. 53.333333333333336 -0.5
40. 56.666666666666664 -0.5
50. 3.333333333333333 -0.5
50. 6.666666666666666 -0.5
50. 13.333333333333332 -0.5
50. 16.666666666666664 -0.5
50. 23.333333333333332 -0.5
50. 26.666666666666664 -0.5
50. 33.333333333333336 -0.5
50. 36.666666666666664 -0.5
50. 43.333333333333336 -0.5
50. 46.666666666666664 -0.5
50. 53.333333333333336 -0.5
50. 56.666666666666664 -0.5
60. 3.333333333333333 -0.5
60. 6.666666666666666 -0.5
60. 13.333333333333332 -0.5
60. 16.666666666666664 -0.5
60. 23.333333333333332 -0.5
60. 26.666666666666664 -0.5
60. 33.333333333333336 -0.5
60. 36.666666666666664 -0.5
60. 43.333333333333336 -0.5
60. 46.666666666666664 -0.5
60. 53.333333333333336 -0.5
60. 56.666666666666664 -0.5