-40. -40. -1.
-36. -40. -1.
-32. -40. -1.
-28. -40. -1.
-24. -40. -1.
-20. -40. -1.
-16. -40. -1.
-12. -40. -1.
-8. -40. -1.
-4. -40. -1.
0. -40. -1.
4. -40. -1.
8. -40. -1.
12. -40. -1.
16. -40. -1.
20. -40. -1.
24. -40. -1.
28. -40. -1.
32. -40. -1.
36. -40. -1.
40. -40. -1.
-40. -20. -1.
-36. -20. -1.
-32. -20. -1.
-28. -20. -1.
-24. -20. -1.
-20. -20. -1.
-16. -20. -1.
-12. -20. -1.
-8. -20. -1.
-4. -20. -1.
0. -20. -1.
4. -20. -1.
8. -20. -1.
12. -20. -1.
16. -20. -1.
20. -20. -1.
24. -20. -1.
28. -20. -1.
32. -20. -1.
36. -20. -1.
40. -20. -1.
-40. 0. -1.
-36. 0. -1.
-32. 0. -1.
-28. 0. -1.
-24. 0. -1.
-20. 0. -1.
-16. 0. -1.
-12. 0. -1.
-8. 0. -1.
-4. 0. -1.
0. 0. -1.
4. 0. -1.
8. 0. -1.
12. 0. -1.
16. 0. -1.
20. 0. -1.
24. 0. -1.
28. 0. -1.
32. 0. -1.
36. 0. -1.
40. 0. -1.
-40. 20. -1.
-36. 20. -1.
-32. 20. -1.
-28. 20. -1.
-24. 20. -1.
-20. 20. -1.
-16. 20. -1.
-12. 20. -1.
-8. 20. -1.
-4. 20. -1.
0. 20. -1.
4. 20. -1.
8. 20. -1.
12. 20. -1.
16. 20. -1.
20. 20. -1.
24. 20. -1.
28. 20. -1.
32. 20. -1.
36. 20. -1.
40. 20. -1.
-40. 40. -1.
-36. 40. -1.
-32. 40. -1.
-28. 40. -1.
-24. 40. -1.
-20. 40. -1.
-16. 40. -1.
-12. 40. -1.
-8. 40. -1.
-4. 40. -1.
0. 40. -1.
4. 40. -1.
8. 40. -1.
12. 40. -1.
16. 40. -1.
20. 40. -1.
24. 40. -1.
28. 40. -1.
32. 40. -1.
36. 40. -1.
40. 40. -1.
-40. -36. -1.
-40. -32. -1.
-40. -28. -1.
-40. -24. -1.
-40. -16. -1.
-40. -12. -1.
-40. -8. -1.
-40. -4. -1.
-40. 4. -1.
-40. 8. -1.
-40. 12. -1.
-40. 16. -1.
-40. 24. -1.
-40. 28. -1.
-40. 32. -1.
-40. 36. -1.
-20. -36. -1.
-20. -32. -1.
-20. -28. -1.
-20. -24. -1.
-20. -16. -1.
-20. -12. -1.
-20. -8. -1.
-20. -4. -1.
-20. 4. -1.
-20. 8. -1.
-20. 12. -1.
-20. 16. -1.
-20. 24. -1.
-20. 28. -1.
-20. 32. -1.
-20. 36. -1.
0. -36. -1.
0. -32. -1.
0. -28. -1.
0. -24. -1.
0. -16. -1.
0. -12. -1.
0. -8. -1.
0. -4. -1.
0. 4. -1.
0. 8. -1.
0. 12. -1.
0. 16. -1.
0. 24. -1.
0. 28. -1.
0. 32. -1.
0. 36. -1.
20. -36. -1.
20. -32. -1.
20. -28. -1.
20. -24. -1.
20. -16. -1.
20. -12. -1.
20. -8. -1.
20. -4. -1.
20. 4. -1.
20. 8. -1.
20. 12. -1.
20. 16. -1.
20. 24. -1.
20. 28. -1.
20. 32. -1.
20. 36. -1.
40. -36. -1.
40. -32. -1.
40. -28. -1.
40. -24. -1.
40. -16. -1.
40. -12. -1.
40. -8. -1.
40. -4. -1.
40. 4. -1.
40. 8. -1.
40. 12. -1.
40. 16. -1.
40. 24. -1.
40. 28. -1.
40. 32. -1.
40. 36. -1.
