0. 0. 0. 0.8571428571428571 0. 0. 1.25e-2 0. 0.
0.8571428571428571 0. 0. 1.7142857142857142 0. 0. 1.25e-2 0. 0.
1.7142857142857142 0. 0. 2.571428571428571 0. 0. 1.25e-2 0. 0.
2.571428571428571 0. 0. 3.4285714285714284 0. 0. 1.25e-2 0. 0.
3.4285714285714284 0. 0. 4.285714285714286 0. 0. 1.25e-2 0. 0.
4.285714285714286 0. 0. 5.142857142857142 0. 0. 1.25e-2 0. 0.
5.142857142857142 0. 0. 6. 0. 0. 1.25e-2 0. 0.
6. 0. 0. 6. 0.8571428571428571 0. 1.25e-2 0. 0.
6. 0.8571428571428571 0. 6. 1.7142857142857142 0. 1.25e-2 0. 0.
6. 1.7142857142857142 0. 6. 2.571428571428571 0. 1.25e-2 0. 0.
6. 2.571428571428571 0. 6. 3.4285714285714284 0. 1.25e-2 0. 0.
6. 3.4285714285714284 0. 6. 4.285714285714286 0. 1.25e-2 0. 0.
6. 4.285714285714286 0. 6. 5.142857142857142 0. 1.25e-2 0. 0.
6. 5.142857142857142 0. 6. 6. 0. 1.25e-2 0. 0.
6. 6. 0. 5.142857142857143 6. 0. 1.25e-2 0. 0.
5.142857142857143 6. 0. 4.285714285714286 6. 0. 1.25e-2 0. 0.
4.285714285714286 6. 0. 3.428571428571429 6. 0. 1.25e-2 0. 0.
3.428571428571429 6. 0. 2.5714285714285716 6. 0. 1.25e-2 0. 0.
2.5714285714285716 6. 0. 1.7142857142857144 6. 0. 1.25e-2 0. 0.
1.7142857142857144 6. 0. 0.8571428571428577 6. 0. 1.25e-2 0. 0.
0.8571428571428577 6. 0. 0. 6. 0. 1.25e-2 0. 0.
0. 6. 0. 0. 5.142857142857143 0. 1.25e-2 0. 0.
0. 5.142857142857143 0. 0. 4.285714285714286 0. 1.25e-2 0. 0.
0. 4.285714285714286 0. 0. 3.428571428571429 0. 1.25e-2 0. 0.
0. 3.428571428571429 0. 0. 2.5714285714285716 0. 1.25e-2 0. 0.
0. 2.5714285714285716 0. 0. 1.7142857142857144 0. 1.25e-2 0. 0.
0. 1.7142857142857144 0. 0. 0.8571428571428577 0. 1.25e-2 0. 0.
0. 0.8571428571428577 0. 0. 0. 0. 1.25e-2 0. 0.
6. 0. 0. 6.857142857142857 0. 0. 1.25e-2 0. 0.
6.857142857142857 0. 0. 7.714285714285714 0. 0. 1.25e-2 0. 0.
7.714285714285714 0. 0. 8.571428571428571 0. 0. 1.25e-2 0. 0.
8.571428571428571 0. 0. 9.428571428571429 0. 0. 1.25e-2 0. 0.
9.428571428571429 0. 0. 10.285714285714285 0. 0. 1.25e-2 0. 0.
10.285714285714285 0. 0. 11.142857142857142 0. 0. 1.25e-2 0. 0.
11.142857142857142 0. 0. 12. 0. 0. 1.25e-2 0. 0.
12. 0. 0. 12. 0.8571428571428571 0. 1.25e-2 0. 0.
12. 0.8571428571428571 0. 12. 1.7142857142857142 0. 1.25e-2 0. 0.
12. 1.7142857142857142 0. 12. 2.571428571428571 0. 1.25e-2 0. 0.
12. 2.571428571428571 0. 12. 3.4285714285714284 0. 1.25e-2 0. 0.
12. 3.4285714285714284 0. 12. 4.285714285714286 0. 1.25e-2 0. 0.
12. 4.285714285714286 0. 12. 5.142857142857142 0. 1.25e-2 0. 0.
12. 5.142857142857142 0. 12. 6. 0. 1.25e-2 0. 0.
12. 6. 0. 11.142857142857142 6. 0. 1.25e-2 0. 0.
11.142857142857142 6. 0. 10.285714285714286 6. 0. 1.25e-2 0. 0.
10.285714285714286 6. 0. 9.428571428571429 6. 0. 1.25e-2 0. 0.
9.428571428571429 6. 0. 8.571428571428571 6. 0. 1.25e-2 0. 0.
8.571428571428571 6. 0. 7.714285714285714 6. 0. 1.25e-2 0. 0.
7.714285714285714 6. 0. 6.857142857142858 6. 0. 1.25e-2 0. 0.
6.857142857142858 6. 0. 6. 6. 0. 1.25e-2 0. 0.
12. 0. 0. 12.9 0. 0. 1.25e-2 0. 0.
12.9 0. 0. 13.8 0. 0. 1.25e-2 0. 0.
13.8 0. 0. 14.7 0. 0. 1.25e-2 0. 0.
14.7 0. 0. 15.6 0. 0. 1.25e-2 0. 0.
15.6 0. 0. 16.5 0. 0. 1.25e-2 0. 0.
16.5 0. 0. 17.4 0. 0. 1.25e-2 0. 0.
17.4 0. 0. 18.3 0. 0. 1.25e-2 0. 0.
18.3 0. 0. 19.2 0. 0. 1.25e-2 0. 0.
19.2 0. 0. 20.1 0. 0. 1.25e-2 0. 0.
20.1 0. 0. 21. 0. 0. 1.25e-2 0. 0.
21. 0. 0. 21.9 0. 0. 1.25e-2 0. 0.
21.9 0. 0. 22.8 0. 0. 1.25e-2 0. 0.
22.8 0. 0. 23.700000000000003 0. 0. 1.25e-2 0. 0.
23.700000000000003 0. 0. 24.6 0. 0. 1.25e-2 0. 0.
24.6 0. 0. 25.5 0. 0. 1.25e-2 0. 0.
25.5 0. 0. 26.4 0. 0. 1.25e-2 0. 0.
26.4 0. 0. 27.3 0. 0. 1.25e-2 0. 0.
27.3 0. 0. 28.2 0. 0. 1.25e-2 0. 0.
28.2 0. 0. 29.1 0. 0. 1.25e-2 0. 0.
29.1 0. 0. 30. 0. 0. 1.25e-2 0. 0.
30. 0. 0. 30.900000000000002 0. 0. 1.25e-2 0. 0.
30.900000000000002 0. 0. 31.8 0. 0. 1.25e-2 0. 0.
31.8 0. 0. 32.7 0. 0. 1.25e-2 0. 0.
32.7 0. 0. 33.6 0. 0. 1.25e-2 0. 0.
33.6 0. 0. 34.5 0. 0. 1.25e-2 0. 0.
34.5 0. 0. 35.400000000000006 0. 0. 1.25e-2 0. 0.
35.400000000000006 0. 0. 36.3 0. 0. 1.25e-2 0. 0.
36.3 0. 0. 37.2 0. 0. 1.25e-2 0. 0.
37.2 0. 0. 38.1 0. 0. 1.25e-2 0. 0.
38.1 0. 0. 39. 0. 0. 1.25e-2 0. 0.
39. 0. 0. 39.900000000000006 0. 0. 1.25e-2 0. 0.
39.900000000000006 0. 0. 40.8 0. 0. 1.25e-2 0. 0.
40.8 0. 0. 41.7 0. 0. 1.25e-2 0. 0.
41.7 0. 0. 42.6 0. 0. 1.25e-2 0. 0.
42.6 0. 0. 43.5 0. 0. 1.25e-2 0. 0.
43.5 0. 0. 44.4 0. 0. 1.25e-2 0. 0.
44.4 0. 0. 45.300000000000004 0. 0. 1.25e-2 0. 0.
45.300000000000004 0. 0. 46.2 0. 0. 1.25e-2 0. 0.
46.2 0. 0. 47.1 0. 0. 1.25e-2 0. 0.
47.1 0. 0. 48. 0. 0. 1.25e-2 0. 0.
48. 0. 0. 48. 0.75 0. 1.25e-2 0. 0.
48. 0.75 0. 48. 1.5 0. 1.25e-2 0. 0.
48. 1.5 0. 48. 2.25 0. 1.25e-2 0. 0.
48. 2.25 0. 48. 3. 0. 1.25e-2 0. 0.
48. 3. 0. 48.857142857142854 3. 0. 1.25e-2 0. 0.
48.857142857142854 3. 0. 49.714285714285715 3. 0. 1.25e-2 0. 0.
49.714285714285715 3. 0. 50.57142857142857 3. 0. 1.25e-2 0. 0.
50.57142857142857 3. 0. 51.42857142857143 3. 0. 1.25e-2 0. 0.
51.42857142857143 3. 0. 52.285714285714285 3. 0. 1.25e-2 0. 0.
52.285714285714285 3. 0. 53.14285714285714 3. 0. 1.25e-2 0. 0.
53.14285714285714 3. 0. 54. 3. 0. 1.25e-2 0. 0.
54. 3. 0. 54. 2.142857142857143 0. 1.25e-2 0. 0.
54. 2.142857142857143 0. 54. 1.2857142857142858 0. 1.25e-2 0. 0.
54. 1.2857142857142858 0. 54. 0.4285714285714288 0. 1.25e-2 0. 0.
54. 0.4285714285714288 0. 54. -0.4285714285714284 0. 1.25e-2 0. 0.
54. -0.4285714285714284 0. 54. -1.2857142857142856 0. 1.25e-2 0. 0.
54. -1.2857142857142856 0. 54. -2.1428571428571423 0. 1.25e-2 0. 0.
54. -2.1428571428571423 0. 54. -3. 0. 1.25e-2 0. 0.
54. -3. 0. 53.142857142857146 -3. 0. 1.25e-2 0. 0.
53.142857142857146 -3. 0. 52.285714285714285 -3. 0. 1.25e-2 0. 0.
52.285714285714285 -3. 0. 51.42857142857143 -3. 0. 1.25e-2 0. 0.
51.42857142857143 -3. 0. 50.57142857142857 -3. 0. 1.25e-2 0. 0.
50.57142857142857 -3. 0. 49.714285714285715 -3. 0. 1.25e-2 0. 0.
49.714285714285715 -3. 0. 48.85714285714286 -3. 0. 1.25e-2 0. 0.
48.85714285714286 -3. 0. 48. -3. 0. 1.25e-2 0. 0.
48. -3. 0. 48. -2.25 0. 1.25e-2 0. 0.
48. -2.25 0. 48. -1.5 0. 1.25e-2 0. 0.
48. -1.5 0. 48. -0.75 0. 1.25e-2 0. 0.
48. -0.75 0. 48. 0. 0. 1.25e-2 0. 0.
