0. 0. -0.5 3.333333333333333 0. -0.5 0.007 0. 0.
3.333333333333333 0. -0.5 6.666666666666666 0. -0.5 0.007 0. 0.
6.666666666666666 0. -0.5 10. 0. -0.5 0.007 0. 0.
10. 0. -0.5 13.333333333333332 0. -0.5 0.007 0. 0.
13.333333333333332 0. -0.5 16.666666666666664 0. -0.5 0.007 0. 0.
16.666666666666664 0. -0.5 20. 0. -0.5 0.007 0. 0.
20. 0. -0.5 23.333333333333332 0. -0.5 0.007 0. 0.
23.333333333333332 0. -0.5 26.666666666666664 0. -0.5 0.007 0. 0.
26.666666666666664 0. -0.5 30. 0. -0.5 0.007 0. 0.
30. 0. -0.5 33.333333333333336 0. -0.5 0.007 0. 0.
33.333333333333336 0. -0.5 36.666666666666664 0. -0.5 0.007 0. 0.
36.666666666666664 0. -0.5 40. 0. -0.5 0.007 0. 0.
40. 0. -0.5 43.333333333333336 0. -0.5 0.007 0. 0.
43.333333333333336 0. -0.5 46.666666666666664 0. -0.5 0.007 0. 0.
46.666666666666664 0. -0.5 50. 0. -0.5 0.007 0. 0.
50. 0. -0.5 53.333333333333336 0. -0.5 0.007 0. 0.
53.333333333333336 0. -0.5 56.666666666666664 0. -0.5 0.007 0. 0.
56.666666666666664 0. -0.5 60. 0. -0.5 0.007 0. 0.
60. 0. -0.5 63.333333333333336 0. -0.5 0.007 0. 0.
63.333333333333336 0. -0.5 66.66666666666667 0. -0.5 0.007 0. 0.
66.66666666666667 0. -0.5 70. 0. -0.5 0.007 0. 0.
70. 0. -0.5 73.33333333333333 0. -0.5 0.007 0. 0.
73.33333333333333 0. -0.5 76.66666666666667 0. -0.5 0.007 0. 0.
76.66666666666667 0. -0.5 80. 0. -0.5 0.007 0. 0.
80. 0. -0.5 83.33333333333333 0. -0.5 0.007 0. 0.
83.33333333333333 0. -0.5 86.66666666666667 0. -0.5 0.007 0. 0.
86.66666666666667 0. -0.5 90. 0. -0.5 0.007 0. 0.
90. 0. -0.5 93.33333333333333 0. -0.5 0.007 0. 0.
93.33333333333333 0. -0.5 96.66666666666667 0. -0.5 0.007 0. 0.
96.66666666666667 0. -0.5 100. 0. -0.5 0.007 0. 0.
100. 0. -0.5 103.33333333333333 0. -0.5 0.007 0. 0.
103.33333333333333 0. -0.5 106.66666666666667 0. -0.5 0.007 0. 0.
106.66666666666667 0. -0.5 110. 0. -0.5 0.007 0. 0.
110. 0. -0.5 113.33333333333333 0. -0.5 0.007 0. 0.
113.33333333333333 0. -0.5 116.66666666666667 0. -0.5 0.007 0. 0.
116.66666666666667 0. -0.5 120. 0. -0.5 0.007 0. 0.
0. 10. -0.5 3.333333333333333 10. -0.5 0.007 0. 0.
3.333333333333333 10. -0.5 6.666666666666666 10. -0.5 0.007 0. 0.
6.666666666666666 10. -0.5 10. 10. -0.5 0.007 0. 0.
10. 10. -0.5 13.333333333333332 10. -0.5 0.007 0. 0.
13.333333333333332 10. -0.5 16.666666666666664 10. -0.5 0.007 0. 0.
16.666666666666664 10. -0.5 20. 10. -0.5 0.007 0. 0.
20. 10. -0.5 23.333333333333332 10. -0.5 0.007 0. 0.
23.333333333333332 10. -0.5 26.666666666666664 10. -0.5 0.007 0. 0.
26.666666666666664 10. -0.5 30. 10. -0.5 0.007 0. 0.
30. 10. -0.5 33.333333333333336 10. -0.5 0.007 0. 0.
33.333333333333336 10. -0.5 36.666666666666664 10. -0.5 0.007 0. 0.
36.666666666666664 10. -0.5 40. 10. -0.5 0.007 0. 0.
40. 10. -0.5 43.333333333333336 10. -0.5 0.007 0. 0.
43.333333333333336 10. -0.5 46.666666666666664 10. -0.5 0.007 0. 0.
46.666666666666664 10. -0.5 50. 10. -0.5 0.007 0. 0.
50. 10. -0.5 53.333333333333336 10. -0.5 0.007 0. 0.
53.333333333333336 10. -0.5 56.666666666666664 10. -0.5 0.007 0. 0.
56.666666666666664 10. -0.5 60. 10. -0.5 0.007 0. 0.
60. 10. -0.5 63.333333333333336 10. -0.5 0.007 0. 0.
63.333333333333336 10. -0.5 66.66666666666667 10. -0.5 0.007 0. 0.
66.66666666666667 10. -0.5 70. 10. -0.5 0.007 0. 0.
70. 10. -0.5 73.33333333333333 10. -0.5 0.007 0. 0.
73.33333333333333 10. -0.5 76.66666666666667 10. -0.5 0.007 0. 0.
76.66666666666667 10. -0.5 80. 10. -0.5 0.007 0. 0.
80. 10. -0.5 83.33333333333333 10. -0.5 0.007 0. 0.
83.33333333333333 10. -0.5 86.66666666666667 10. -0.5 0.007 0. 0.
86.66666666666667 10. -0.5 90. 10. -0.5 0.007 0. 0.
90. 10. -0.5 93.33333333333333 10. -0.5 0.007 0. 0.
93.33333333333333 10. -0.5 96.66666666666667 10. -0.5 0.007 0. 0.
96.66666666666667 10. -0.5 100. 10. -0.5 0.007 0. 0.
100. 10. -0.5 103.33333333333333 10. -0.5 0.007 0. 0.
103.33333333333333 10. -0.5 106.66666666666667 10. -0.5 0.007 0. 0.
106.66666666666667 10. -0.5 110. 10. -0.5 0.007 0. 0.
110. 10. -0.5 113.33333333333333 10. -0.5 0.007 0. 0.
113.33333333333333 10. -0.5 116.66666666666667 10. -0.5 0.007 0. 0.
116.66666666666667 10. -0.5 120. 10. -0.5 0.007 0. 0.
0. 20. -0.5 3.333333333333333 20. -0.5 0.007 0. 0.
3.333333333333333 20. -0.5 6.666666666666666 20. -0.5 0.007 0. 0.
6.666666666666666 20. -0.5 10. 20. -0.5 0.007 0. 0.
10. 20. -0.5 13.333333333333332 20. -0.5 0.007 0. 0.
13.333333333333332 20. -0.5 16.666666666666664 20. -0.5 0.007 0. 0.
16.666666666666664 20. -0.5 20. 20. -0.5 0.007 0. 0.
20. 20. -0.5 23.333333333333332 20. -0.5 0.007 0. 0.
23.333333333333332 20. -0.5 26.666666666666664 20. -0.5 0.007 0. 0.
26.666666666666664 20. -0.5 30. 20. -0.5 0.007 0. 0.
30. 20. -0.5 33.333333333333336 20. -0.5 0.007 0. 0.
33.333333333333336 20. -0.5 36.666666666666664 20. -0.5 0.007 0. 0.
36.666666666666664 20. -0.5 40. 20. -0.5 0.007 0. 0.
40. 20. -0.5 43.333333333333336 20. -0.5 0.007 0. 0.
43.333333333333336 20. -0.5 46.666666666666664 20. -0.5 0.007 0. 0.
46.666666666666664 20. -0.5 50. 20. -0.5 0.007 0. 0.
50. 20. -0.5 53.333333333333336 20. -0.5 0.007 0. 0.
53.333333333333336 20. -0.5 56.666666666666664 20. -0.5 0.007 0. 0.
56.666666666666664 20. -0.5 60. 20. -0.5 0.007 0. 0.
60. 20. -0.5 63.333333333333336 20. -0.5 0.007 0. 0.
63.333333333333336 20. -0.5 66.66666666666667 20. -0.5 0.007 0. 0.
66.66666666666667 20. -0.5 70. 20. -0.5 0.007 0. 0.
70. 20. -0.5 73.33333333333333 20. -0.5 0.007 0. 0.
73.33333333333333 20. -0.5 76.66666666666667 20. -0.5 0.007 0. 0.
76.66666666666667 20. -0.5 80. 20. -0.5 0.007 0. 0.
80. 20. -0.5 83.33333333333333 20. -0.5 0.007 0. 0.
83.33333333333333 20. -0.5 86.66666666666667 20. -0.5 0.007 0. 0.
86.66666666666667 20. -0.5 90. 20. -0.5 0.007 0. 0.
90. 20. -0.5 93.33333333333333 20. -0.5 0.007 0. 0.
93.33333333333333 20. -0.5 96.66666666666667 20. -0.5 0.007 0. 0.
96.66666666666667 20. -0.5 100. 20. -0.5 0.007 0. 0.
100. 20. -0.5 103.33333333333333 20. -0.5 0.007 0. 0.
103.33333333333333 20. -0.5 106.66666666666667 20. -0.5 0.007 0. 0.
106.66666666666667 20. -0.5 110. 20. -0.5 0.007 0. 0.
110. 20. -0.5 113.33333333333333 20. -0.5 0.007 0. 0.
113.33333333333333 20. -0.5 116.66666666666667 20. -0.5 0.007 0. 0.
116.66666666666667 20. -0.5 120. 20. -0.5 0.007 0. 0.
0. 30. -0.5 3.333333333333333 30. -0.5 0.007 0. 0.
3.333333333333333 30. -0.5 6.666666666666666 30. -0.5 0.007 0. 0.
6.666666666666666 30. -0.5 10. 30. -0.5 0.007 0. 0.
10. 30. -0.5 13.333333333333332 30. -0.5 0.007 0. 0.
13.333333333333332 30. -0.5 16.666666666666664 30. -0.5 0.007 0. 0.
16.666666666666664 30. -0.5 20. 30. -0.5 0.007 0. 0.
20. 30. -0.5 23.333333333333332 30. -0.5 0.007 0. 0.
23.333333333333332 30. -0.5 26.666666666666664 30. -0.5 0.007 0. 0.
26.666666666666664 30. -0.5 30. 30. -0.5 0.007 0. 0.
30. 30. -0.5 33.333333333333336 30. -0.5 0.007 0. 0.
33.333333333333336 30. -0.5 36.666666666666664 30. -0.5 0.007 0. 0.
36.666666666666664 30. -0.5 40. 30. -0.5 0.007 0. 0.
40. 30. -0.5 43.333333333333336 30. -0.5 0.007 0. 0.
43.333333333333336 30. -0.5 46.666666666666664 30. -0.5 0.007 0. 0.
46.666666666666664 30. -0.5 50. 30. -0.5 0.007 0. 0.
50. 30. -0.5 53.333333333333336 30. -0.5 0.007 0. 0.
53.333333333333336 30. -0.5 56.666666666666664 30. -0.5 0.007 0. 0.
56.666666666666664 30. -0.5 60. 30. -0.5 0.007 0. 0.
60. 30. -0.5 63.333333333333336 30. -0.5 0.007 0. 0.
63.333333333333336 30. -0.5 66.66666666666667 30. -0.5 0.007 0. 0.
66.66666666666667 30. -0.5 70. 30. -0.5 0.007 0. 0.
70. 30. -0.5 73.33333333333333 30. -0.5 0.007 0. 0.
73.33333333333333 30. -0.5 76.66666666666667 30. -0.5 0.007 0. 0.
76.66666666666667 30. -0.5 80. 30. -0.5 0.007 0. 0.
80. 30. -0.5 83.33333333333333 30. -0.5 0.007 0. 0.
83.33333333333333 30. -0.5 86.66666666666667 30. -0.5 0.007 0. 0.
86.66666666666667 30. -0.5 90. 30. -0.5 0.007 0. 0.
90. 30. -0.5 93.33333333333333 30. -0.5 0.007 0. 0.
93.33333333333333 30. -0.5 96.66666666666667 30. -0.5 0.007 0. 0.
96.66666666666667 30. -0.5 100. 30. -0.5 0.007 0. 0.
100. 30. -0.5 103.33333333333333 30. -0.5 0.007 0. 0.
103.33333333333333 30. -0.5 106.66666666666667 30. -0.5 0.007 0. 0.
106.66666666666667 30. -0.5 110. 30. -0.5 0.007 0. 0.
110. 30. -0.5 113.33333333333333 30. -0.5 0.007 0. 0.
113.33333333333333 30. -0.5 116.66666666666667 30. -0.5 0.007 0. 0.
116.66666666666667 30. -0.5 120. 30. -0.5 0.007 0. 0.
0. 40. -0.5 3.333333333333333 40. -0.5 0.007 0. 0.
3.333333333333333 40. -0.5 6.666666666666666 40. -0.5 0.007 0. 0.
6.666666666666666 40. -0.5 10. 40. -0.5 0.007 0. 0.
10. 40. -0.5 13.333333333333332 40. -0.5 0.007 0. 0.
13.333333333333332 40. -0.5 16.666666666666664 40. -0.5 0.007 0. 0.
16.666666666666664 40. -0.5 20. 40. -0.5 0.007 0. 0.
20. 40. -0.5 23.333333333333332 40. -0.5 0.007 0. 0.
23.333333333333332 40. -0.5 26.666666666666664 40. -0.5 0.007 0. 0.
26.666666666666664 40. -0.5 30. 40. -0.5 0.007 0. 0.
30. 40. -0.5 33.333333333333336 40. -0.5 0.007 0. 0.
33.333333333333336 40. -0.5 36.666666666666664 40. -0.5 0.007 0. 0.
36.666666666666664 40. -0.5 40. 40. -0.5 0.007 0. 0.
40. 40. -0.5 43.333333333333336 40. -0.5 0.007 0. 0.
43.333333333333336 40. -0.5 46.666666666666664 40. -0.5 0.007 0. 0.
46.666666666666664 40. -0.5 50. 40. -0.5 0.007 0. 0.
50. 40. -0.5 53.333333333333336 40. -0.5 0.007 0. 0.
53.333333333333336 40. -0.5 56.666666666666664 40. -0.5 0.007 0. 0.
56.666666666666664 40. -0.5 60. 40. -0.5 0.007 0. 0.
60. 40. -0.5 63.333333333333336 40. -0.5 0.007 0. 0.
63.333333333333336 40. -0.5 66.66666666666667 40. -0.5 0.007 0. 0.
66.66666666666667 40. -0.5 70. 40. -0.5 0.007 0. 0.
70. 40. -0.5 73.33333333333333 40. -0.5 0.007 0. 0.
73.33333333333333 40. -0.5 76.66666666666667 40. -0.5 0.007 0. 0.
76.66666666666667 40. -0.5 80. 40. -0.5 0.007 0. 0.
80. 40. -0.5 83.33333333333333 40. -0.5 0.007 0. 0.
83.33333333333333 40. -0.5 86.66666666666667 40. -0.5 0.007 0. 0.
86.66666666666667 40. -0.5 90. 40. -0.5 0.007 0. 0.
90. 40. -0.5 93.33333333333333 40. -0.5 0.007 0. 0.
93.33333333333333 40. -0.5 96.66666666666667 40. -0.5 0.007 0. 0.
96.66666666666667 40. -0.5 100. 40. -0.5 0.007 0. 0.
100. 40. -0.5 103.33333333333333 40. -0.5 0.007 0. 0.
103.33333333333333 40. -0.5 106.66666666666667 40. -0.5 0.007 0. 0.
106.66666666666667 40. -0.5 110. 40. -0.5 0.007 0. 0.
110. 40. -0.5 113.33333333333333 40. -0.5 0.007 0. 0.
113.33333333333333 40. -0.5 116.66666666666667 40. -0.5 0.007 0. 0.
116.66666666666667 40. -0.5 120. 40. -0.5 0.007 0. 0.
0. 50. -0.5 3.333333333333333 50. -0.5 0.007 0. 0.
3.333333333333333 50. -0.5 6.666666666666666 50. -0.5 0.007 0. 0.
6.666666666666666 50. -0.5 10. 50. -0.5 0.007 0. 0.
10. 50. -0.5 13.333333333333332 50. -0.5 0.007 0. 0.
13.333333333333332 50. -0.5 16.666666666666664 50. -0.5 0.007 0. 0.
16.666666666666664 50. -0.5 20. 50. -0.5 0.007 0. 0.
20. 50. -0.5 23.333333333333332 50. -0.5 0.007 0. 0.
23.333333333333332 50. -0.5 26.666666666666664 50. -0.5 0.007 0. 0.
26.666666666666664 50. -0.5 30. 50. -0.5 0.007 0. 0.
30. 50. -0.5 33.333333333333336 50. -0.5 0.007 0. 0.
33.333333333333336 50. -0.5 36.666666666666664 50. -0.5 0.007 0. 0.
36.666666666666664 50. -0.5 40. 50. -0.5 0.007 0. 0.
40. 50. -0.5 43.333333333333336 50. -0.5 0.007 0. 0.
43.333333333333336 50. -0.5 46.666666666666664 50. -0.5 0.007 0. 0.
46.666666666666664 50. -0.5 50. 50. -0.5 0.007 0. 0.
50. 50. -0.5 53.333333333333336 50. -0.5 0.007 0. 0.
53.333333333333336 50. -0.5 56.666666666666664 50. -0.5 0.007 0. 0.
56.666666666666664 50. -0.5 60. 50. -0.5 0.007 0. 0.
60. 50. -0.5 63.333333333333336 50. -0.5 0.007 0. 0.
63.333333333333336 50. -0.5 66.66666666666667 50. -0.5 0.007 0. 0.
66.66666666666667 50. -0.5 70. 50. -0.5 0.007 0. 0.
70. 50. -0.5 73.33333333333333 50. -0.5 0.007 0. 0.
73.33333333333333 50. -0.5 76.66666666666667 50. -0.5 0.007 0. 0.
76.66666666666667 50. -0.5 80. 50. -0.5 0.007 0. 0.
80. 50. -0.5 83.33333333333333 50. -0.5 0.007 0. 0.
83.33333333333333 50. -0.5 86.66666666666667 50. -0.5 0.007 0. 0.
86.66666666666667 50. -0.5 90. 50. -0.5 0.007 0. 0.
90. 50. -0.5 93.33333333333333 50. -0.5 0.007 0. 0.
93.33333333333333 50. -0.5 96.66666666666667 50. -0.5 0.007 0. 0.
96.66666666666667 50. -0.5 100. 50. -0.5 0.007 0. 0.
100. 50. -0.5 103.33333333333333 50. -0.5 0.007 0. 0.
103.33333333333333 50. -0.5 106.66666666666667 50. -0.5 0.007 0. 0.
106.66666666666667 50. -0.5 110. 50. -0.5 0.007 0. 0.
110. 50. -0.5 113.33333333333333 50. -0.5 0.007 0. 0.
113.33333333333333 50. -0.5 116.66666666666667 50. -0.5 0.007 0. 0.
116.66666666666667 50. -0.5 120. 50. -0.5 0.007 0. 0.
0. 60. -0.5 3.333333333333333 60. -0.5 0.007 0. 0.
3.333333333333333 60. -0.5 6.666666666666666 60. -0.5 0.007 0. 0.
6.666666666666666 60. -0.5 10. 60. -0.5 0.007 0. 0.
10. 60. -0.5 13.333333333333332 60. -0.5 0.007 0. 0.
13.333333333333332 60. -0.5 16.666666666666664 60. -0.5 0.007 0. 0.
16.666666666666664 60. -0.5 20. 60. -0.5 0.007 0. 0.
20. 60. -0.5 23.333333333333332 60. -0.5 0.007 0. 0.
23.333333333333332 60. -0.5 26.666666666666664 60. -0.5 0.007 0. 0.
26.666666666666664 60. -0.5 30. 60. -0.5 0.007 0. 0.
30. 60. -0.5 33.333333333333336 60. -0.5 0.007 0. 0.
33.333333333333336 60. -0.5 36.666666666666664 60. -0.5 0.007 0. 0.
36.666666666666664 60. -0.5 40. 60. -0.5 0.007 0. 0.
40. 60. -0.5 43.333333333333336 60. -0.5 0.007 0. 0.
43.333333333333336 60. -0.5 46.666666666666664 60. -0.5 0.007 0. 0.
46.666666666666664 60. -0.5 50. 60. -0.5 0.007 0. 0.
50. 60. -0.5 53.333333333333336 60. -0.5 0.007 0. 0.
53.333333333333336 60. -0.5 56.666666666666664 60. -0.5 0.007 0. 0.
56.666666666666664 60. -0.5 60. 60. -0.5 0.007 0. 0.
60. 60. -0.5 63.333333333333336 60. -0.5 0.007 0. 0.
63.333333333333336 60. -0.5 66.66666666666667 60. -0.5 0.007 0. 0.
66.66666666666667 60. -0.5 70. 60. -0.5 0.007 0. 0.
70. 60. -0.5 73.33333333333333 60. -0.5 0.007 0. 0.
73.33333333333333 60. -0.5 76.66666666666667 60. -0.5 0.007 0. 0.
76.66666666666667 60. -0.5 80. 60. -0.5 0.007 0. 0.
80. 60. -0.5 83.33333333333333 60. -0.5 0.007 0. 0.
83.33333333333333 60. -0.5 86.66666666666667 60. -0.5 0.007 0. 0.
86.66666666666667 60. -0.5 90. 60. -0.5 0.007 0. 0.
90. 60. -0.5 93.33333333333333 60. -0.5 0.007 0. 0.
93.33333333333333 60. -0.5 96.66666666666667 60. -0.5 0.007 0. 0.
96.66666666666667 60. -0.5 100. 60. -0.5 0.007 0. 0.
100. 60. -0.5 103.33333333333333 60. -0.5 0.007 0. 0.
103.33333333333333 60. -0.5 106.66666666666667 60. -0.5 0.007 0. 0.
106.66666666666667 60. -0.5 110. 60. -0.5 0.007 0. 0.
110. 60. -0.5 113.33333333333333 60. -0.5 0.007 0. 0.
113.33333333333333 60. -0.5 116.66666666666667 60. -0.5 0.007 0. 0.
116.66666666666667 60. -0.5 120. 60. -0.5 0.007 0. 0.
0. 70. -0.5 3.333333333333333 70. -0.5 0.007 0. 0.
3.333333333333333 70. -0.5 6.666666666666666 70. -0.5 0.007 0. 0.
6.666666666666666 70. -0.5 10. 70. -0.5 0.007 0. 0.
10. 70. -0.5 13.333333333333332 70. -0.5 0.007 0. 0.
13.333333333333332 70. -0.5 16.666666666666664 70. -0.5 0.007 0. 0.
16.666666666666664 70. -0.5 20. 70. -0.5 0.007 0. 0.
20. 70. -0.5 23.333333333333332 70. -0.5 0.007 0. 0.
23.333333333333332 70. -0.5 26.666666666666664 70. -0.5 0.007 0. 0.
26.666666666666664 70. -0.5 30. 70. -0.5 0.007 0. 0.
30. 70. -0.5 33.333333333333336 70. -0.5 0.007 0. 0.
33.333333333333336 70. -0.5 36.666666666666664 70. -0.5 0.007 0. 0.
36.666666666666664 70. -0.5 40. 70. -0.5 0.007 0. 0.
40. 70. -0.5 43.333333333333336 70. -0.5 0.007 0. 0.
43.333333333333336 70. -0.5 46.666666666666664 70. -0.5 0.007 0. 0.
46.666666666666664 70. -0.5 50. 70. -0.5 0.007 0. 0.
50. 70. -0.5 53.333333333333336 70. -0.5 0.007 0. 0.
53.333333333333336 70. -0.5 56.666666666666664 70. -0.5 0.007 0. 0.
56.666666666666664 70. -0.5 60. 70. -0.5 0.007 0. 0.
60. 70. -0.5 63.333333333333336 70. -0.5 0.007 0. 0.
63.333333333333336 70. -0.5 66.66666666666667 70. -0.5 0.007 0. 0.
66.66666666666667 70. -0.5 70. 70. -0.5 0.007 0. 0.
70. 70. -0.5 73.33333333333333 70. -0.5 0.007 0. 0.
73.33333333333333 70. -0.5 76.66666666666667 70. -0.5 0.007 0. 0.
76.66666666666667 70. -0.5 80. 70. -0.5 0.007 0. 0.
80. 70. -0.5 83.33333333333333 70. -0.5 0.007 0. 0.
83.33333333333333 70. -0.5 86.66666666666667 70. -0.5 0.007 0. 0.
86.66666666666667 70. -0.5 90. 70. -0.5 0.007 0. 0.
90. 70. -0.5 93.33333333333333 70. -0.5 0.007 0. 0.
93.33333333333333 70. -0.5 96.66666666666667 70. -0.5 0.007 0. 0.
96.66666666666667 70. -0.5 100. 70. -0.5 0.007 0. 0.
100. 70. -0.5 103.33333333333333 70. -0.5 0.007 0. 0.
103.33333333333333 70. -0.5 106.66666666666667 70. -0.5 0.007 0. 0.
106.66666666666667 70. -0.5 110. 70. -0.5 0.007 0. 0.
110. 70. -0.5 113.33333333333333 70. -0.5 0.007 0. 0.
113.33333333333333 70. -0.5 116.66666666666667 70. -0.5 0.007 0. 0.
116.66666666666667 70. -0.5 120. 70. -0.5 0.007 0. 0.
0. 80. -0.5 3.333333333333333 80. -0.5 0.007 0. 0.
3.333333333333333 80. -0.5 6.666666666666666 80. -0.5 0.007 0. 0.
6.666666666666666 80. -0.5 10. 80. -0.5 0.007 0. 0.
10. 80. -0.5 13.333333333333332 80. -0.5 0.007 0. 0.
13.333333333333332 80. -0.5 16.666666666666664 80. -0.5 0.007 0. 0.
16.666666666666664 80. -0.5 20. 80. -0.5 0.007 0. 0.
20. 80. -0.5 23.333333333333332 80. -0.5 0.007 0. 0.
23.333333333333332 80. -0.5 26.666666666666664 80. -0.5 0.007 0. 0.
26.666666666666664 80. -0.5 30. 80. -0.5 0.007 0. 0.
30. 80. -0.5 33.333333333333336 80. -0.5 0.007 0. 0.
33.333333333333336 80. -0.5 36.666666666666664 80. -0.5 0.007 0. 0.
36.666666666666664 80. -0.5 40. 80. -0.5 0.007 0. 0.
40. 80. -0.5 43.333333333333336 80. -0.5 0.007 0. 0.
43.333333333333336 80. -0.5 46.666666666666664 80. -0.5 0.007 0. 0.
46.666666666666664 80. -0.5 50. 80. -0.5 0.007 0. 0.
50. 80. -0.5 53.333333333333336 80. -0.5 0.007 0. 0.
53.333333333333336 80. -0.5 56.666666666666664 80. -0.5 0.007 0. 0.
56.666666666666664 80. -0.5 60. 80. -0.5 0.007 0. 0.
60. 80. -0.5 63.333333333333336 80. -0.5 0.007 0. 0.
63.333333333333336 80. -0.5 66.66666666666667 80. -0.5 0.007 0. 0.
66.66666666666667 80. -0.5 70. 80. -0.5 0.007 0. 0.
70. 80. -0.5 73.33333333333333 80. -0.5 0.007 0. 0.
73.33333333333333 80. -0.5 76.66666666666667 80. -0.5 0.007 0. 0.
76.66666666666667 80. -0.5 80. 80. -0.5 0.007 0. 0.
80. 80. -0.5 83.33333333333333 80. -0.5 0.007 0. 0.
83.33333333333333 80. -0.5 86.66666666666667 80. -0.5 0.007 0. 0.
86.66666666666667 80. -0.5 90. 80. -0.5 0.007 0. 0.
90. 80. -0.5 93.33333333333333 80. -0.5 0.007 0. 0.
93.33333333333333 80. -0.5 96.66666666666667 80. -0.5 0.007 0. 0.
96.66666666666667 80. -0.5 100. 80. -0.5 0.007 0. 0.
100. 80. -0.5 103.33333333333333 80. -0.5 0.007 0. 0.
103.33333333333333 80. -0.5 106.66666666666667 80. -0.5 0.007 0. 0.
106.66666666666667 80. -0.5 110. 80. -0.5 0.007 0. 0.
110. 80. -0.5 113.33333333333333 80. -0.5 0.007 0. 0.
113.33333333333333 80. -0.5 116.66666666666667 80. -0.5 0.007 0. 0.
116.66666666666667 80. -0.5 120. 80. -0.5 0.007 0. 0.
0. 90. -0.5 3.333333333333333 90. -0.5 0.007 0. 0.
3.333333333333333 90. -0.5 6.666666666666666 90. -0.5 0.007 0. 0.
6.666666666666666 90. -0.5 10. 90. -0.5 0.007 0. 0.
10. 90. -0.5 13.333333333333332 90. -0.5 0.007 0. 0.
13.333333333333332 90. -0.5 16.666666666666664 90. -0.5 0.007 0. 0.
16.666666666666664 90. -0.5 20. 90. -0.5 0.007 0. 0.
20. 90. -0.5 23.333333333333332 90. -0.5 0.007 0. 0.
23.333333333333332 90. -0.5 26.666666666666664 90. -0.5 0.007 0. 0.
26.666666666666664 90. -0.5 30. 90. -0.5 0.007 0. 0.
30. 90. -0.5 33.333333333333336 90. -0.5 0.007 0. 0.
33.333333333333336 90. -0.5 36.666666666666664 90. -0.5 0.007 0. 0.
36.666666666666664 90. -0.5 40. 90. -0.5 0.007 0. 0.
40. 90. -0.5 43.333333333333336 90. -0.5 0.007 0. 0.
43.333333333333336 90. -0.5 46.666666666666664 90. -0.5 0.007 0. 0.
46.666666666666664 90. -0.5 50. 90. -0.5 0.007 0. 0.
50. 90. -0.5 53.333333333333336 90. -0.5 0.007 0. 0.
53.333333333333336 90. -0.5 56.666666666666664 90. -0.5 0.007 0. 0.
56.666666666666664 90. -0.5 60. 90. -0.5 0.007 0. 0.
60. 90. -0.5 63.333333333333336 90. -0.5 0.007 0. 0.
63.333333333333336 90. -0.5 66.66666666666667 90. -0.5 0.007 0. 0.
66.66666666666667 90. -0.5 70. 90. -0.5 0.007 0. 0.
70. 90. -0.5 73.33333333333333 90. -0.5 0.007 0. 0.
73.33333333333333 90. -0.5 76.66666666666667 90. -0.5 0.007 0. 0.
76.66666666666667 90. -0.5 80. 90. -0.5 0.007 0. 0.
80. 90. -0.5 83.33333333333333 90. -0.5 0.007 0. 0.
83.33333333333333 90. -0.5 86.66666666666667 90. -0.5 0.007 0. 0.
86.66666666666667 90. -0.5 90. 90. -0.5 0.007 0. 0.
90. 90. -0.5 93.33333333333333 90. -0.5 0.007 0. 0.
93.33333333333333 90. -0.5 96.66666666666667 90. -0.5 0.007 0. 0.
96.66666666666667 90. -0.5 100. 90. -0.5 0.007 0. 0.
100. 90. -0.5 103.33333333333333 90. -0.5 0.007 0. 0.
103.33333333333333 90. -0.5 106.66666666666667 90. -0.5 0.007 0. 0.
106.66666666666667 90. -0.5 110. 90. -0.5 0.007 0. 0.
110. 90. -0.5 113.33333333333333 90. -0.5 0.007 0. 0.
113.33333333333333 90. -0.5 116.66666666666667 90. -0.5 0.007 0. 0.
116.66666666666667 90. -0.5 120. 90. -0.5 0.007 0. 0.
0. 100. -0.5 3.333333333333333 100. -0.5 0.007 0. 0.
3.333333333333333 100. -0.5 6.666666666666666 100. -0.5 0.007 0. 0.
6.666666666666666 100. -0.5 10. 100. -0.5 0.007 0. 0.
10. 100. -0.5 13.333333333333332 100. -0.5 0.007 0. 0.
13.333333333333332 100. -0.5 16.666666666666664 100. -0.5 0.007 0. 0.
16.666666666666664 100. -0.5 20. 100. -0.5 0.007 0. 0.
20. 100. -0.5 23.333333333333332 100. -0.5 0.007 0. 0.
23.333333333333332 100. -0.5 26.666666666666664 100. -0.5 0.007 0. 0.
26.666666666666664 100. -0.5 30. 100. -0.5 0.007 0. 0.
30. 100. -0.5 33.333333333333336 100. -0.5 0.007 0. 0.
33.333333333333336 100. -0.5 36.666666666666664 100. -0.5 0.007 0. 0.
36.666666666666664 100. -0.5 40. 100. -0.5 0.007 0. 0.
40. 100. -0.5 43.333333333333336 100. -0.5 0.007 0. 0.
43.333333333333336 100. -0.5 46.666666666666664 100. -0.5 0.007 0. 0.
46.666666666666664 100. -0.5 50. 100. -0.5 0.007 0. 0.
50. 100. -0.5 53.333333333333336 100. -0.5 0.007 0. 0.
53.333333333333336 100. -0.5 56.666666666666664 100. -0.5 0.007 0. 0.
56.666666666666664 100. -0.5 60. 100. -0.5 0.007 0. 0.
60. 100. -0.5 63.333333333333336 100. -0.5 0.007 0. 0.
63.333333333333336 100. -0.5 66.66666666666667 100. -0.5 0.007 0. 0.
66.66666666666667 100. -0.5 70. 100. -0.5 0.007 0. 0.
70. 100. -0.5 73.33333333333333 100. -0.5 0.007 0. 0.
73.33333333333333 100. -0.5 76.66666666666667 100. -0.5 0.007 0. 0.
76.66666666666667 100. -0.5 80. 100. -0.5 0.007 0. 0.
80. 100. -0.5 83.33333333333333 100. -0.5 0.007 0. 0.
83.33333333333333 100. -0.5 86.66666666666667 100. -0.5 0.007 0. 0.
86.66666666666667 100. -0.5 90. 100. -0.5 0.007 0. 0.
90. 100. -0.5 93.33333333333333 100. -0.5 0.007 0. 0.
93.33333333333333 100. -0.5 96.66666666666667 100. -0.5 0.007 0. 0.
96.66666666666667 100. -0.5 100. 100. -0.5 0.007 0. 0.
100. 100. -0.5 103.33333333333333 100. -0.5 0.007 0. 0.
103.33333333333333 100. -0.5 106.66666666666667 100. -0.5 0.007 0. 0.
106.66666666666667 100. -0.5 110. 100. -0.5 0.007 0. 0.
110. 100. -0.5 113.33333333333333 100. -0.5 0.007 0. 0.
113.33333333333333 100. -0.5 116.66666666666667 100. -0.5 0.007 0. 0.
116.66666666666667 100. -0.5 120. 100. -0.5 0.007 0. 0.
0. 110. -0.5 3.333333333333333 110. -0.5 0.007 0. 0.
3.333333333333333 110. -0.5 6.666666666666666 110. -0.5 0.007 0. 0.
6.666666666666666 110. -0.5 10. 110. -0.5 0.007 0. 0.
10. 110. -0.5 13.333333333333332 110. -0.5 0.007 0. 0.
13.333333333333332 110. -0.5 16.666666666666664 110. -0.5 0.007 0. 0.
16.666666666666664 110. -0.5 20. 110. -0.5 0.007 0. 0.
20. 110. -0.5 23.333333333333332 110. -0.5 0.007 0. 0.
23.333333333333332 110. -0.5 26.666666666666664 110. -0.5 0.007 0. 0.
26.666666666666664 110. -0.5 30. 110. -0.5 0.007 0. 0.
30. 110. -0.5 33.333333333333336 110. -0.5 0.007 0. 0.
33.333333333333336 110. -0.5 36.666666666666664 110. -0.5 0.007 0. 0.
36.666666666666664 110. -0.5 40. 110. -0.5 0.007 0. 0.
40. 110. -0.5 43.333333333333336 110. -0.5 0.007 0. 0.
43.333333333333336 110. -0.5 46.666666666666664 110. -0.5 0.007 0. 0.
46.666666666666664 110. -0.5 50. 110. -0.5 0.007 0. 0.
50. 110. -0.5 53.333333333333336 110. -0.5 0.007 0. 0.
53.333333333333336 110. -0.5 56.666666666666664 110. -0.5 0.007 0. 0.
56.666666666666664 110. -0.5 60. 110. -0.5 0.007 0. 0.
60. 110. -0.5 63.333333333333336 110. -0.5 0.007 0. 0.
63.333333333333336 110. -0.5 66.66666666666667 110. -0.5 0.007 0. 0.
66.66666666666667 110. -0.5 70. 110. -0.5 0.007 0. 0.
70. 110. -0.5 73.33333333333333 110. -0.5 0.007 0. 0.
73.33333333333333 110. -0.5 76.66666666666667 110. -0.5 0.007 0. 0.
76.66666666666667 110. -0.5 80. 110. -0.5 0.007 0. 0.
80. 110. -0.5 83.33333333333333 110. -0.5 0.007 0. 0.
83.33333333333333 110. -0.5 86.66666666666667 110. -0.5 0.007 0. 0.
86.66666666666667 110. -0.5 90. 110. -0.5 0.007 0. 0.
90. 110. -0.5 93.33333333333333 110. -0.5 0.007 0. 0.
93.33333333333333 110. -0.5 96.66666666666667 110. -0.5 0.007 0. 0.
96.66666666666667 110. -0.5 100. 110. -0.5 0.007 0. 0.
100. 110. -0.5 103.33333333333333 110. -0.5 0.007 0. 0.
103.33333333333333 110. -0.5 106.66666666666667 110. -0.5 0.007 0. 0.
106.66666666666667 110. -0.5 110. 110. -0.5 0.007 0. 0.
110. 110. -0.5 113.33333333333333 110. -0.5 0.007 0. 0.
113.33333333333333 110. -0.5 116.66666666666667 110. -0.5 0.007 0. 0.
116.66666666666667 110. -0.5 120. 110. -0.5 0.007 0. 0.
0. 120. -0.5 3.333333333333333 120. -0.5 0.007 0. 0.
3.333333333333333 120. -0.5 6.666666666666666 120. -0.5 0.007 0. 0.
6.666666666666666 120. -0.5 10. 120. -0.5 0.007 0. 0.
10. 120. -0.5 13.333333333333332 120. -0.5 0.007 0. 0.
13.333333333333332 120. -0.5 16.666666666666664 120. -0.5 0.007 0. 0.
16.666666666666664 120. -0.5 20. 120. -0.5 0.007 0. 0.
20. 120. -0.5 23.333333333333332 120. -0.5 0.007 0. 0.
23.333333333333332 120. -0.5 26.666666666666664 120. -0.5 0.007 0. 0.
26.666666666666664 120. -0.5 30. 120. -0.5 0.007 0. 0.
30. 120. -0.5 33.333333333333336 120. -0.5 0.007 0. 0.
33.333333333333336 120. -0.5 36.666666666666664 120. -0.5 0.007 0. 0.
36.666666666666664 120. -0.5 40. 120. -0.5 0.007 0. 0.
40. 120. -0.5 43.333333333333336 120. -0.5 0.007 0. 0.
43.333333333333336 120. -0.5 46.666666666666664 120. -0.5 0.007 0. 0.
46.666666666666664 120. -0.5 50. 120. -0.5 0.007 0. 0.
50. 120. -0.5 53.333333333333336 120. -0.5 0.007 0. 0.
53.333333333333336 120. -0.5 56.666666666666664 120. -0.5 0.007 0. 0.
56.666666666666664 120. -0.5 60. 120. -0.5 0.007 0. 0.
60. 120. -0.5 63.333333333333336 120. -0.5 0.007 0. 0.
63.333333333333336 120. -0.5 66.66666666666667 120. -0.5 0.007 0. 0.
66.66666666666667 120. -0.5 70. 120. -0.5 0.007 0. 0.
70. 120. -0.5 73.33333333333333 120. -0.5 0.007 0. 0.
73.33333333333333 120. -0.5 76.66666666666667 120. -0.5 0.007 0. 0.
76.66666666666667 120. -0.5 80. 120. -0.5 0.007 0. 0.
80. 120. -0.5 83.33333333333333 120. -0.5 0.007 0. 0.
83.33333333333333 120. -0.5 86.66666666666667 120. -0.5 0.007 0. 0.
86.66666666666667 120. -0.5 90. 120. -0.5 0.007 0. 0.
90. 120. -0.5 93.33333333333333 120. -0.5 0.007 0. 0.
93.33333333333333 120. -0.5 96.66666666666667 120. -0.5 0.007 0. 0.
96.66666666666667 120. -0.5 100. 120. -0.5 0.007 0. 0.
100. 120. -0.5 103.33333333333333 120. -0.5 0.007 0. 0.
103.33333333333333 120. -0.5 106.66666666666667 120. -0.5 0.007 0. 0.
106.66666666666667 120. -0.5 110. 120. -0.5 0.007 0. 0.
110. 120. -0.5 113.33333333333333 120. -0.5 0.007 0. 0.
113.33333333333333 120. -0.5 116.66666666666667 120. -0.5 0.007 0. 0.
116.66666666666667 120. -0.5 120. 120. -0.5 0.007 0. 0.
0. 0. -0.5 0. 3.333333333333333 -0.5 0.007 0. 0.
0. 3.333333333333333 -0.5 0. 6.666666666666666 -0.5 0.007 0. 0.
0. 6.666666666666666 -0.5 0. 10. -0.5 0.007 0. 0.
0. 10. -0.5 0. 13.333333333333332 -0.5 0.007 0. 0.
0. 13.333333333333332 -0.5 0. 16.666666666666664 -0.5 0.007 0. 0.
0. 16.666666666666664 -0.5 0. 20. -0.5 0.007 0. 0.
0. 20. -0.5 0. 23.333333333333332 -0.5 0.007 0. 0.
0. 23.333333333333332 -0.5 0. 26.666666666666664 -0.5 0.007 0. 0.
0. 26.666666666666664 -0.5 0. 30. -0.5 0.007 0. 0.
0. 30. -0.5 0. 33.333333333333336 -0.5 0.007 0. 0.
0. 33.333333333333336 -0.5 0. 36.666666666666664 -0.5 0.007 0. 0.
0. 36.666666666666664 -0.5 0. 40. -0.5 0.007 0. 0.
0. 40. -0.5 0. 43.333333333333336 -0.5 0.007 0. 0.
0. 43.333333333333336 -0.5 0. 46.666666666666664 -0.5 0.007 0. 0.
0. 46.666666666666664 -0.5 0. 50. -0.5 0.007 0. 0.
0. 50. -0.5 0. 53.333333333333336 -0.5 0.007 0. 0.
0. 53.333333333333336 -0.5 0. 56.666666666666664 -0.5 0.007 0. 0.
0. 56.666666666666664 -0.5 0. 60. -0.5 0.007 0. 0.
0. 60. -0.5 0. 63.333333333333336 -0.5 0.007 0. 0.
0. 63.333333333333336 -0.5 0. 66.66666666666667 -0.5 0.007 0. 0.
0. 66.66666666666667 -0.5 0. 70. -0.5 0.007 0. 0.
0. 70. -0.5 0. 73.33333333333333 -0.5 0.007 0. 0.
0. 73.33333333333333 -0.5 0. 76.66666666666667 -0.5 0.007 0. 0.
0. 76.66666666666667 -0.5 0. 80. -0.5 0.007 0. 0.
0. 80. -0.5 0. 83.33333333333333 -0.5 0.007 0. 0.
0. 83.33333333333333 -0.5 0. 86.66666666666667 -0.5 0.007 0. 0.
0. 86.66666666666667 -0.5 0. 90. -0.5 0.007 0. 0.
0. 90. -0.5 0. 93.33333333333333 -0.5 0.007 0. 0.
0. 93.33333333333333 -0.5 0. 96.66666666666667 -0.5 0.007 0. 0.
0. 96.66666666666667 -0.5 0. 100. -0.5 0.007 0. 0.
0. 100. -0.5 0. 103.33333333333333 -0.5 0.007 0. 0.
0. 103.33333333333333 -0.5 0. 106.66666666666667 -0.5 0.007 0. 0.
0. 106.66666666666667 -0.5 0. 110. -0.5 0.007 0. 0.
0. 110. -0.5 0. 113.33333333333333 -0.5 0.007 0. 0.
0. 113.33333333333333 -0.5 0. 116.66666666666667 -0.5 0.007 0. 0.
0. 116.66666666666667 -0.5 0. 120. -0.5 0.007 0. 0.
10. 0. -0.5 10. 3.333333333333333 -0.5 0.007 0. 0.
10. 3.333333333333333 -0.5 10. 6.666666666666666 -0.5 0.007 0. 0.
10. 6.666666666666666 -0.5 10. 10. -0.5 0.007 0. 0.
10. 10. -0.5 10. 13.333333333333332 -0.5 0.007 0. 0.
10. 13.333333333333332 -0.5 10. 16.666666666666664 -0.5 0.007 0. 0.
10. 16.666666666666664 -0.5 10. 20. -0.5 0.007 0. 0.
10. 20. -0.5 10. 23.333333333333332 -0.5 0.007 0. 0.
10. 23.333333333333332 -0.5 10. 26.666666666666664 -0.5 0.007 0. 0.
10. 26.666666666666664 -0.5 10. 30. -0.5 0.007 0. 0.
10. 30. -0.5 10. 33.333333333333336 -0.5 0.007 0. 0.
10. 33.333333333333336 -0.5 10. 36.666666666666664 -0.5 0.007 0. 0.
10. 36.666666666666664 -0.5 10. 40. -0.5 0.007 0. 0.
10. 40. -0.5 10. 43.333333333333336 -0.5 0.007 0. 0.
10. 43.333333333333336 -0.5 10. 46.666666666666664 -0.5 0.007 0. 0.
10. 46.666666666666664 -0.5 10. 50. -0.5 0.007 0. 0.
10. 50. -0.5 10. 53.333333333333336 -0.5 0.007 0. 0.
10. 53.333333333333336 -0.5 10. 56.666666666666664 -0.5 0.007 0. 0.
10. 56.666666666666664 -0.5 10. 60. -0.5 0.007 0. 0.
10. 60. -0.5 10. 63.333333333333336 -0.5 0.007 0. 0.
10. 63.333333333333336 -0.5 10. 66.66666666666667 -0.5 0.007 0. 0.
10. 66.66666666666667 -0.5 10. 70. -0.5 0.007 0. 0.
10. 70. -0.5 10. 73.33333333333333 -0.5 0.007 0. 0.
10. 73.33333333333333 -0.5 10. 76.66666666666667 -0.5 0.007 0. 0.
10. 76.66666666666667 -0.5 10. 80. -0.5 0.007 0. 0.
10. 80. -0.5 10. 83.33333333333333 -0.5 0.007 0. 0.
10. 83.33333333333333 -0.5 10. 86.66666666666667 -0.5 0.007 0. 0.
10. 86.66666666666667 -0.5 10. 90. -0.5 0.007 0. 0.
10. 90. -0.5 10. 93.33333333333333 -0.5 0.007 0. 0.
10. 93.33333333333333 -0.5 10. 96.66666666666667 -0.5 0.007 0. 0.
10. 96.66666666666667 -0.5 10. 100. -0.5 0.007 0. 0.
10. 100. -0.5 10. 103.33333333333333 -0.5 0.007 0. 0.
10. 103.33333333333333 -0.5 10. 106.66666666666667 -0.5 0.007 0. 0.
10. 106.66666666666667 -0.5 10. 110. -0.5 0.007 0. 0.
10. 110. -0.5 10. 113.33333333333333 -0.5 0.007 0. 0.
10. 113.33333333333333 -0.5 10. 116.66666666666667 -0.5 0.007 0. 0.
10. 116.66666666666667 -0.5 10. 120. -0.5 0.007 0. 0.
20. 0. -0.5 20. 3.333333333333333 -0.5 0.007 0. 0.
20. 3.333333333333333 -0.5 20. 6.666666666666666 -0.5 0.007 0. 0.
20. 6.666666666666666 -0.5 20. 10. -0.5 0.007 0. 0.
20. 10. -0.5 20. 13.333333333333332 -0.5 0.007 0. 0.
20. 13.333333333333332 -0.5 20. 16.666666666666664 -0.5 0.007 0. 0.
20. 16.666666666666664 -0.5 20. 20. -0.5 0.007 0. 0.
20. 20. -0.5 20. 23.333333333333332 -0.5 0.007 0. 0.
20. 23.333333333333332 -0.5 20. 26.666666666666664 -0.5 0.007 0. 0.
20. 26.666666666666664 -0.5 20. 30. -0.5 0.007 0. 0.
20. 30. -0.5 20. 33.333333333333336 -0.5 0.007 0. 0.
20. 33.333333333333336 -0.5 20. 36.666666666666664 -0.5 0.007 0. 0.
20. 36.666666666666664 -0.5 20. 40. -0.5 0.007 0. 0.
20. 40. -0.5 20. 43.333333333333336 -0.5 0.007 0. 0.
20. 43.333333333333336 -0.5 20. 46.666666666666664 -0.5 0.007 0. 0.
20. 46.666666666666664 -0.5 20. 50. -0.5 0.007 0. 0.
20. 50. -0.5 20. 53.333333333333336 -0.5 0.007 0. 0.
20. 53.333333333333336 -0.5 20. 56.666666666666664 -0.5 0.007 0. 0.
20. 56.666666666666664 -0.5 20. 60. -0.5 0.007 0. 0.
20. 60. -0.5 20. 63.333333333333336 -0.5 0.007 0. 0.
20. 63.333333333333336 -0.5 20. 66.66666666666667 -0.5 0.007 0. 0.
20. 66.66666666666667 -0.5 20. 70. -0.5 0.007 0. 0.
20. 70. -0.5 20. 73.33333333333333 -0.5 0.007 0. 0.
20. 73.33333333333333 -0.5 20. 76.66666666666667 -0.5 0.007 0. 0.
20. 76.66666666666667 -0.5 20. 80. -0.5 0.007 0. 0.
20. 80. -0.5 20. 83.33333333333333 -0.5 0.007 0. 0.
20. 83.33333333333333 -0.5 20. 86.66666666666667 -0.5 0.007 0. 0.
20. 86.66666666666667 -0.5 20. 90. -0.5 0.007 0. 0.
20. 90. -0.5 20. 93.33333333333333 -0.5 0.007 0. 0.
20. 93.33333333333333 -0.5 20. 96.66666666666667 -0.5 0.007 0. 0.
20. 96.66666666666667 -0.5 20. 100. -0.5 0.007 0. 0.
20. 100. -0.5 20. 103.33333333333333 -0.5 0.007 0. 0.
20. 103.33333333333333 -0.5 20. 106.66666666666667 -0.5 0.007 0. 0.
20. 106.66666666666667 -0.5 20. 110. -0.5 0.007 0. 0.
20. 110. -0.5 20. 113.33333333333333 -0.5 0.007 0. 0.
20. 113.33333333333333 -0.5 20. 116.66666666666667 -0.5 0.007 0. 0.
20. 116.66666666666667 -0.5 20. 120. -0.5 0.007 0. 0.
30. 0. -0.5 30. 3.333333333333333 -0.5 0.007 0. 0.
30. 3.333333333333333 -0.5 30. 6.666666666666666 -0.5 0.007 0. 0.
30. 6.666666666666666 -0.5 30. 10. -0.5 0.007 0. 0.
30. 10. -0.5 30. 13.333333333333332 -0.5 0.007 0. 0.
30. 13.333333333333332 -0.5 30. 16.666666666666664 -0.5 0.007 0. 0.
30. 16.666666666666664 -0.5 30. 20. -0.5 0.007 0. 0.
30. 20. -0.5 30. 23.333333333333332 -0.5 0.007 0. 0.
30. 23.333333333333332 -0.5 30. 26.666666666666664 -0.5 0.007 0. 0.
30. 26.666666666666664 -0.5 30. 30. -0.5 0.007 0. 0.
30. 30. -0.5 30. 33.333333333333336 -0.5 0.007 0. 0.
30. 33.333333333333336 -0.5 30. 36.666666666666664 -0.5 0.007 0. 0.
30. 36.666666666666664 -0.5 30. 40. -0.5 0.007 0. 0.
30. 40. -0.5 30. 43.333333333333336 -0.5 0.007 0. 0.
30. 43.333333333333336 -0.5 30. 46.666666666666664 -0.5 0.007 0. 0.
30. 46.666666666666664 -0.5 30. 50. -0.5 0.007 0. 0.
30. 50. -0.5 30. 53.333333333333336 -0.5 0.007 0. 0.
30. 53.333333333333336 -0.5 30. 56.666666666666664 -0.5 0.007 0. 0.
30. 56.666666666666664 -0.5 30. 60. -0.5 0.007 0. 0.
30. 60. -0.5 30. 63.333333333333336 -0.5 0.007 0. 0.
30. 63.333333333333336 -0.5 30. 66.66666666666667 -0.5 0.007 0. 0.
30. 66.66666666666667 -0.5 30. 70. -0.5 0.007 0. 0.
30. 70. -0.5 30. 73.33333333333333 -0.5 0.007 0. 0.
30. 73.33333333333333 -0.5 30. 76.66666666666667 -0.5 0.007 0. 0.
30. 76.66666666666667 -0.5 30. 80. -0.5 0.007 0. 0.
30. 80. -0.5 30. 83.33333333333333 -0.5 0.007 0. 0.
30. 83.33333333333333 -0.5 30. 86.66666666666667 -0.5 0.007 0. 0.
30. 86.66666666666667 -0.5 30. 90. -0.5 0.007 0. 0.
30. 90. -0.5 30. 93.33333333333333 -0.5 0.007 0. 0.
30. 93.33333333333333 -0.5 30. 96.66666666666667 -0.5 0.007 0. 0.
30. 96.66666666666667 -0.5 30. 100. -0.5 0.007 0. 0.
30. 100. -0.5 30. 103.33333333333333 -0.5 0.007 0. 0.
30. 103.33333333333333 -0.5 30. 106.66666666666667 -0.5 0.007 0. 0.
30. 106.66666666666667 -0.5 30. 110. -0.5 0.007 0. 0.
30. 110. -0.5 30. 113.33333333333333 -0.5 0.007 0. 0.
30. 113.33333333333333 -0.5 30. 116.66666666666667 -0.5 0.007 0. 0.
30. 116.66666666666667 -0.5 30. 120. -0.5 0.007 0. 0.
40. 0. -0.5 40. 3.333333333333333 -0.5 0.007 0. 0.
40. 3.333333333333333 -0.5 40. 6.666666666666666 -0.5 0.007 0. 0.
40. 6.666666666666666 -0.5 40. 10. -0.5 0.007 0. 0.
40. 10. -0.5 40. 13.333333333333332 -0.5 0.007 0. 0.
40. 13.333333333333332 -0.5 40. 16.666666666666664 -0.5 0.007 0. 0.
40. 16.666666666666664 -0.5 40. 20. -0.5 0.007 0. 0.
40. 20. -0.5 40. 23.333333333333332 -0.5 0.007 0. 0.
40. 23.333333333333332 -0.5 40. 26.666666666666664 -0.5 0.007 0. 0.
40. 26.666666666666664 -0.5 40. 30. -0.5 0.007 0. 0.
40. 30. -0.5 40. 33.333333333333336 -0.5 0.007 0. 0.
40. 33.333333333333336 -0.5 40. 36.666666666666664 -0.5 0.007 0. 0.
40. 36.666666666666664 -0.5 40. 40. -0.5 0.007 0. 0.
40. 40. -0.5 40. 43.333333333333336 -0.5 0.007 0. 0.
40. 43.333333333333336 -0.5 40. 46.666666666666664 -0.5 0.007 0. 0.
40. 46.666666666666664 -0.5 40. 50. -0.5 0.007 0. 0.
40. 50. -0.5 40. 53.333333333333336 -0.5 0.007 0. 0.
40. 53.333333333333336 -0.5 40. 56.666666666666664 -0.5 0.007 0. 0.
40. 56.666666666666664 -0.5 40. 60. -0.5 0.007 0. 0.
40. 60. -0.5 40. 63.333333333333336 -0.5 0.007 0. 0.
40. 63.333333333333336 -0.5 40. 66.66666666666667 -0.5 0.007 0. 0.
40. 66.66666666666667 -0.5 40. 70. -0.5 0.007 0. 0.
40. 70. -0.5 40. 73.33333333333333 -0.5 0.007 0. 0.
40. 73.33333333333333 -0.5 40. 76.66666666666667 -0.5 0.007 0. 0.
40. 76.66666666666667 -0.5 40. 80. -0.5 0.007 0. 0.
40. 80. -0.5 40. 83.33333333333333 -0.5 0.007 0. 0.
40. 83.33333333333333 -0.5 40. 86.66666666666667 -0.5 0.007 0. 0.
40. 86.66666666666667 -0.5 40. 90. -0.5 0.007 0. 0.
40. 90. -0.5 40. 93.33333333333333 -0.5 0.007 0. 0.
40. 93.33333333333333 -0.5 40. 96.66666666666667 -0.5 0.007 0. 0.
40. 96.66666666666667 -0.5 40. 100. -0.5 0.007 0. 0.
40. 100. -0.5 40. 103.33333333333333 -0.5 0.007 0. 0.
40. 103.33333333333333 -0.5 40. 106.66666666666667 -0.5 0.007 0. 0.
40. 106.66666666666667 -0.5 40. 110. -0.5 0.007 0. 0.
40. 110. -0.5 40. 113.33333333333333 -0.5 0.007 0. 0.
40. 113.33333333333333 -0.5 40. 116.66666666666667 -0.5 0.007 0. 0.
40. 116.66666666666667 -0.5 40. 120. -0.5 0.007 0. 0.
50. 0. -0.5 50. 3.333333333333333 -0.5 0.007 0. 0.
50. 3.333333333333333 -0.5 50. 6.666666666666666 -0.5 0.007 0. 0.
50. 6.666666666666666 -0.5 50. 10. -0.5 0.007 0. 0.
50. 10. -0.5 50. 13.333333333333332 -0.5 0.007 0. 0.
50. 13.333333333333332 -0.5 50. 16.666666666666664 -0.5 0.007 0. 0.
50. 16.666666666666664 -0.5 50. 20. -0.5 0.007 0. 0.
50. 20. -0.5 50. 23.333333333333332 -0.5 0.007 0. 0.
50. 23.333333333333332 -0.5 50. 26.666666666666664 -0.5 0.007 0. 0.
50. 26.666666666666664 -0.5 50. 30. -0.5 0.007 0. 0.
50. 30. -0.5 50. 33.333333333333336 -0.5 0.007 0. 0.
50. 33.333333333333336 -0.5 50. 36.666666666666664 -0.5 0.007 0. 0.
50. 36.666666666666664 -0.5 50. 40. -0.5 0.007 0. 0.
50. 40. -0.5 50. 43.333333333333336 -0.5 0.007 0. 0.
50. 43.333333333333336 -0.5 50. 46.666666666666664 -0.5 0.007 0. 0.
50. 46.666666666666664 -0.5 50. 50. -0.5 0.007 0. 0.
50. 50. -0.5 50. 53.333333333333336 -0.5 0.007 0. 0.
50. 53.333333333333336 -0.5 50. 56.666666666666664 -0.5 0.007 0. 0.
50. 56.666666666666664 -0.5 50. 60. -0.5 0.007 0. 0.
50. 60. -0.5 50. 63.333333333333336 -0.5 0.007 0. 0.
50. 63.333333333333336 -0.5 50. 66.66666666666667 -0.5 0.007 0. 0.
50. 66.66666666666667 -0.5 50. 70. -0.5 0.007 0. 0.
50. 70. -0.5 50. 73.33333333333333 -0.5 0.007 0. 0.
50. 73.33333333333333 -0.5 50. 76.66666666666667 -0.5 0.007 0. 0.
50. 76.66666666666667 -0.5 50. 80. -0.5 0.007 0. 0.
50. 80. -0.5 50. 83.33333333333333 -0.5 0.007 0. 0.
50. 83.33333333333333 -0.5 50. 86.66666666666667 -0.5 0.007 0. 0.
50. 86.66666666666667 -0.5 50. 90. -0.5 0.007 0. 0.
50. 90. -0.5 50. 93.33333333333333 -0.5 0.007 0. 0.
50. 93.33333333333333 -0.5 50. 96.66666666666667 -0.5 0.007 0. 0.
50. 96.66666666666667 -0.5 50. 100. -0.5 0.007 0. 0.
50. 100. -0.5 50. 103.33333333333333 -0.5 0.007 0. 0.
50. 103.33333333333333 -0.5 50. 106.66666666666667 -0.5 0.007 0. 0.
50. 106.66666666666667 -0.5 50. 110. -0.5 0.007 0. 0.
50. 110. -0.5 50. 113.33333333333333 -0.5 0.007 0. 0.
50. 113.33333333333333 -0.5 50. 116.66666666666667 -0.5 0.007 0. 0.
50. 116.66666666666667 -0.5 50. 120. -0.5 0.007 0. 0.
60. 0. -0.5 60. 3.333333333333333 -0.5 0.007 0. 0.
60. 3.333333333333333 -0.5 60. 6.666666666666666 -0.5 0.007 0. 0.
60. 6.666666666666666 -0.5 60. 10. -0.5 0.007 0. 0.
60. 10. -0.5 60. 13.333333333333332 -0.5 0.007 0. 0.
60. 13.333333333333332 -0.5 60. 16.666666666666664 -0.5 0.007 0. 0.
60. 16.666666666666664 -0.5 60. 20. -0.5 0.007 0. 0.
60. 20. -0.5 60. 23.333333333333332 -0.5 0.007 0. 0.
60. 23.333333333333332 -0.5 60. 26.666666666666664 -0.5 0.007 0. 0.
60. 26.666666666666664 -0.5 60. 30. -0.5 0.007 0. 0.
60. 30. -0.5 60. 33.333333333333336 -0.5 0.007 0. 0.
60. 33.333333333333336 -0.5 60. 36.666666666666664 -0.5 0.007 0. 0.
60. 36.666666666666664 -0.5 60. 40. -0.5 0.007 0. 0.
60. 40. -0.5 60. 43.333333333333336 -0.5 0.007 0. 0.
60. 43.333333333333336 -0.5 60. 46.666666666666664 -0.5 0.007 0. 0.
60. 46.666666666666664 -0.5 60. 50. -0.5 0.007 0. 0.
60. 50. -0.5 60. 53.333333333333336 -0.5 0.007 0. 0.
60. 53.333333333333336 -0.5 60. 56.666666666666664 -0.5 0.007 0. 0.
60. 56.666666666666664 -0.5 60. 60. -0.5 0.007 0. 0.
60. 60. -0.5 60. 63.333333333333336 -0.5 0.007 0. 0.
60. 63.333333333333336 -0.5 60. 66.66666666666667 -0.5 0.007 0. 0.
60. 66.66666666666667 -0.5 60. 70. -0.5 0.007 0. 0.
60. 70. -0.5 60. 73.33333333333333 -0.5 0.007 0. 0.
60. 73.33333333333333 -0.5 60. 76.66666666666667 -0.5 0.007 0. 0.
60. 76.66666666666667 -0.5 60. 80. -0.5 0.007 0. 0.
60. 80. -0.5 60. 83.33333333333333 -0.5 0.007 0. 0.
60. 83.33333333333333 -0.5 60. 86.66666666666667 -0.5 0.007 0. 0.
60. 86.66666666666667 -0.5 60. 90. -0.5 0.007 0. 0.
60. 90. -0.5 60. 93.33333333333333 -0.5 0.007 0. 0.
60. 93.33333333333333 -0.5 60. 96.66666666666667 -0.5 0.007 0. 0.
60. 96.66666666666667 -0.5 60. 100. -0.5 0.007 0. 0.
60. 100. -0.5 60. 103.33333333333333 -0.5 0.007 0. 0.
60. 103.33333333333333 -0.5 60. 106.66666666666667 -0.5 0.007 0. 0.
60. 106.66666666666667 -0.5 60. 110. -0.5 0.007 0. 0.
60. 110. -0.5 60. 113.33333333333333 -0.5 0.007 0. 0.
60. 113.33333333333333 -0.5 60. 116.66666666666667 -0.5 0.007 0. 0.
60. 116.66666666666667 -0.5 60. 120. -0.5 0.007 0. 0.
70. 0. -0.5 70. 3.333333333333333 -0.5 0.007 0. 0.
70. 3.333333333333333 -0.5 70. 6.666666666666666 -0.5 0.007 0. 0.
70. 6.666666666666666 -0.5 70. 10. -0.5 0.007 0. 0.
70. 10. -0.5 70. 13.333333333333332 -0.5 0.007 0. 0.
70. 13.333333333333332 -0.5 70. 16.666666666666664 -0.5 0.007 0. 0.
70. 16.666666666666664 -0.5 70. 20. -0.5 0.007 0. 0.
70. 20. -0.5 70. 23.333333333333332 -0.5 0.007 0. 0.
70. 23.333333333333332 -0.5 70. 26.666666666666664 -0.5 0.007 0. 0.
70. 26.666666666666664 -0.5 70. 30. -0.5 0.007 0. 0.
70. 30. -0.5 70. 33.333333333333336 -0.5 0.007 0. 0.
70. 33.333333333333336 -0.5 70. 36.666666666666664 -0.5 0.007 0. 0.
70. 36.666666666666664 -0.5 70. 40. -0.5 0.007 0. 0.
70. 40. -0.5 70. 43.333333333333336 -0.5 0.007 0. 0.
70. 43.333333333333336 -0.5 70. 46.666666666666664 -0.5 0.007 0. 0.
70. 46.666666666666664 -0.5 70. 50. -0.5 0.007 0. 0.
70. 50. -0.5 70. 53.333333333333336 -0.5 0.007 0. 0.
70. 53.333333333333336 -0.5 70. 56.666666666666664 -0.5 0.007 0. 0.
70. 56.666666666666664 -0.5 70. 60. -0.5 0.007 0. 0.
70. 60. -0.5 70. 63.333333333333336 -0.5 0.007 0. 0.
70. 63.333333333333336 -0.5 70. 66.66666666666667 -0.5 0.007 0. 0.
70. 66.66666666666667 -0.5 70. 70. -0.5 0.007 0. 0.
70. 70. -0.5 70. 73.33333333333333 -0.5 0.007 0. 0.
70. 73.33333333333333 -0.5 70. 76.66666666666667 -0.5 0.007 0. 0.
70. 76.66666666666667 -0.5 70. 80. -0.5 0.007 0. 0.
70. 80. -0.5 70. 83.33333333333333 -0.5 0.007 0. 0.
70. 83.33333333333333 -0.5 70. 86.66666666666667 -0.5 0.007 0. 0.
70. 86.66666666666667 -0.5 70. 90. -0.5 0.007 0. 0.
70. 90. -0.5 70. 93.33333333333333 -0.5 0.007 0. 0.
70. 93.33333333333333 -0.5 70. 96.66666666666667 -0.5 0.007 0. 0.
70. 96.66666666666667 -0.5 70. 100. -0.5 0.007 0. 0.
70. 100. -0.5 70. 103.33333333333333 -0.5 0.007 0. 0.
70. 103.33333333333333 -0.5 70. 106.66666666666667 -0.5 0.007 0. 0.
70. 106.66666666666667 -0.5 70. 110. -0.5 0.007 0. 0.
70. 110. -0.5 70. 113.33333333333333 -0.5 0.007 0. 0.
70. 113.33333333333333 -0.5 70. 116.66666666666667 -0.5 0.007 0. 0.
70. 116.66666666666667 -0.5 70. 120. -0.5 0.007 0. 0.
80. 0. -0.5 80. 3.333333333333333 -0.5 0.007 0. 0.
80. 3.333333333333333 -0.5 80. 6.666666666666666 -0.5 0.007 0. 0.
80. 6.666666666666666 -0.5 80. 10. -0.5 0.007 0. 0.
80. 10. -0.5 80. 13.333333333333332 -0.5 0.007 0. 0.
80. 13.333333333333332 -0.5 80. 16.666666666666664 -0.5 0.007 0. 0.
80. 16.666666666666664 -0.5 80. 20. -0.5 0.007 0. 0.
80. 20. -0.5 80. 23.333333333333332 -0.5 0.007 0. 0.
80. 23.333333333333332 -0.5 80. 26.666666666666664 -0.5 0.007 0. 0.
80. 26.666666666666664 -0.5 80. 30. -0.5 0.007 0. 0.
80. 30. -0.5 80. 33.333333333333336 -0.5 0.007 0. 0.
80. 33.333333333333336 -0.5 80. 36.666666666666664 -0.5 0.007 0. 0.
80. 36.666666666666664 -0.5 80. 40. -0.5 0.007 0. 0.
80. 40. -0.5 80. 43.333333333333336 -0.5 0.007 0. 0.
80. 43.333333333333336 -0.5 80. 46.666666666666664 -0.5 0.007 0. 0.
80. 46.666666666666664 -0.5 80. 50. -0.5 0.007 0. 0.
80. 50. -0.5 80. 53.333333333333336 -0.5 0.007 0. 0.
80. 53.333333333333336 -0.5 80. 56.666666666666664 -0.5 0.007 0. 0.
80. 56.666666666666664 -0.5 80. 60. -0.5 0.007 0. 0.
80. 60. -0.5 80. 63.333333333333336 -0.5 0.007 0. 0.
80. 63.333333333333336 -0.5 80. 66.66666666666667 -0.5 0.007 0. 0.
80. 66.66666666666667 -0.5 80. 70. -0.5 0.007 0. 0.
80. 70. -0.5 80. 73.33333333333333 -0.5 0.007 0. 0.
80. 73.33333333333333 -0.5 80. 76.66666666666667 -0.5 0.007 0. 0.
80. 76.66666666666667 -0.5 80. 80. -0.5 0.007 0. 0.
80. 80. -0.5 80. 83.33333333333333 -0.5 0.007 0. 0.
80. 83.33333333333333 -0.5 80. 86.66666666666667 -0.5 0.007 0. 0.
80. 86.66666666666667 -0.5 80. 90. -0.5 0.007 0. 0.
80. 90. -0.5 80. 93.33333333333333 -0.5 0.007 0. 0.
80. 93.33333333333333 -0.5 80. 96.66666666666667 -0.5 0.007 0. 0.
80. 96.66666666666667 -0.5 80. 100. -0.5 0.007 0. 0.
80. 100. -0.5 80. 103.33333333333333 -0.5 0.007 0. 0.
80. 103.33333333333333 -0.5 80. 106.66666666666667 -0.5 0.007 0. 0.
80. 106.66666666666667 -0.5 80. 110. -0.5 0.007 0. 0.
80. 110. -0.5 80. 113.33333333333333 -0.5 0.007 0. 0.
80. 113.33333333333333 -0.5 80. 116.66666666666667 -0.5 0.007 0. 0.
80. 116.66666666666667 -0.5 80. 120. -0.5 0.007 0. 0.
90. 0. -0.5 90. 3.333333333333333 -0.5 0.007 0. 0.
90. 3.333333333333333 -0.5 90. 6.666666666666666 -0.5 0.007 0. 0.
90. 6.666666666666666 -0.5 90. 10. -0.5 0.007 0. 0.
90. 10. -0.5 90. 13.333333333333332 -0.5 0.007 0. 0.
90. 13.333333333333332 -0.5 90. 16.666666666666664 -0.5 0.007 0. 0.
90. 16.666666666666664 -0.5 90. 20. -0.5 0.007 0. 0.
90. 20. -0.5 90. 23.333333333333332 -0.5 0.007 0. 0.
90. 23.333333333333332 -0.5 90. 26.666666666666664 -0.5 0.007 0. 0.
90. 26.666666666666664 -0.5 90. 30. -0.5 0.007 0. 0.
90. 30. -0.5 90. 33.333333333333336 -0.5 0.007 0. 0.
90. 33.333333333333336 -0.5 90. 36.666666666666664 -0.5 0.007 0. 0.
90. 36.666666666666664 -0.5 90. 40. -0.5 0.007 0. 0.
90. 40. -0.5 90. 43.333333333333336 -0.5 0.007 0. 0.
90. 43.333333333333336 -0.5 90. 46.666666666666664 -0.5 0.007 0. 0.
90. 46.666666666666664 -0.5 90. 50. -0.5 0.007 0. 0.
90. 50. -0.5 90. 53.333333333333336 -0.5 0.007 0. 0.
90. 53.333333333333336 -0.5 90. 56.666666666666664 -0.5 0.007 0. 0.
90. 56.666666666666664 -0.5 90. 60. -0.5 0.007 0. 0.
90. 60. -0.5 90. 63.333333333333336 -0.5 0.007 0. 0.
90. 63.333333333333336 -0.5 90. 66.66666666666667 -0.5 0.007 0. 0.
90. 66.66666666666667 -0.5 90. 70. -0.5 0.007 0. 0.
90. 70. -0.5 90. 73.33333333333333 -0.5 0.007 0. 0.
90. 73.33333333333333 -0.5 90. 76.66666666666667 -0.5 0.007 0. 0.
90. 76.66666666666667 -0.5 90. 80. -0.5 0.007 0. 0.
90. 80. -0.5 90. 83.33333333333333 -0.5 0.007 0. 0.
90. 83.33333333333333 -0.5 90. 86.66666666666667 -0.5 0.007 0. 0.
90. 86.66666666666667 -0.5 90. 90. -0.5 0.007 0. 0.
90. 90. -0.5 90. 93.33333333333333 -0.5 0.007 0. 0.
90. 93.33333333333333 -0.5 90. 96.66666666666667 -0.5 0.007 0. 0.
90. 96.66666666666667 -0.5 90. 100. -0.5 0.007 0. 0.
90. 100. -0.5 90. 103.33333333333333 -0.5 0.007 0. 0.
90. 103.33333333333333 -0.5 90. 106.66666666666667 -0.5 0.007 0. 0.
90. 106.66666666666667 -0.5 90. 110. -0.5 0.007 0. 0.
90. 110. -0.5 90. 113.33333333333333 -0.5 0.007 0. 0.
90. 113.33333333333333 -0.5 90. 116.66666666666667 -0.5 0.007 0. 0.
90. 116.66666666666667 -0.5 90. 120. -0.5 0.007 0. 0.
100. 0. -0.5 100. 3.333333333333333 -0.5 0.007 0. 0.
100. 3.333333333333333 -0.5 100. 6.666666666666666 -0.5 0.007 0. 0.
100. 6.666666666666666 -0.5 100. 10. -0.5 0.007 0. 0.
100. 10. -0.5 100. 13.333333333333332 -0.5 0.007 0. 0.
100. 13.333333333333332 -0.5 100. 16.666666666666664 -0.5 0.007 0. 0.
100. 16.666666666666664 -0.5 100. 20. -0.5 0.007 0. 0.
100. 20. -0.5 100. 23.333333333333332 -0.5 0.007 0. 0.
100. 23.333333333333332 -0.5 100. 26.666666666666664 -0.5 0.007 0. 0.
100. 26.666666666666664 -0.5 100. 30. -0.5 0.007 0. 0.
100. 30. -0.5 100. 33.333333333333336 -0.5 0.007 0. 0.
100. 33.333333333333336 -0.5 100. 36.666666666666664 -0.5 0.007 0. 0.
100. 36.666666666666664 -0.5 100. 40. -0.5 0.007 0. 0.
100. 40. -0.5 100. 43.333333333333336 -0.5 0.007 0. 0.
100. 43.333333333333336 -0.5 100. 46.666666666666664 -0.5 0.007 0. 0.
100. 46.666666666666664 -0.5 100. 50. -0.5 0.007 0. 0.
100. 50. -0.5 100. 53.333333333333336 -0.5 0.007 0. 0.
100. 53.333333333333336 -0.5 100. 56.666666666666664 -0.5 0.007 0. 0.
100. 56.666666666666664 -0.5 100. 60. -0.5 0.007 0. 0.
100. 60. -0.5 100. 63.333333333333336 -0.5 0.007 0. 0.
100. 63.333333333333336 -0.5 100. 66.66666666666667 -0.5 0.007 0. 0.
100. 66.66666666666667 -0.5 100. 70. -0.5 0.007 0. 0.
100. 70. -0.5 100. 73.33333333333333 -0.5 0.007 0. 0.
100. 73.33333333333333 -0.5 100. 76.66666666666667 -0.5 0.007 0. 0.
100. 76.66666666666667 -0.5 100. 80. -0.5 0.007 0. 0.
100. 80. -0.5 100. 83.33333333333333 -0.5 0.007 0. 0.
100. 83.33333333333333 -0.5 100. 86.66666666666667 -0.5 0.007 0. 0.
100. 86.66666666666667 -0.5 100. 90. -0.5 0.007 0. 0.
100. 90. -0.5 100. 93.33333333333333 -0.5 0.007 0. 0.
100. 93.33333333333333 -0.5 100. 96.66666666666667 -0.5 0.007 0. 0.
100. 96.66666666666667 -0.5 100. 100. -0.5 0.007 0. 0.
100. 100. -0.5 100. 103.33333333333333 -0.5 0.007 0. 0.
100. 103.33333333333333 -0.5 100. 106.66666666666667 -0.5 0.007 0. 0.
100. 106.66666666666667 -0.5 100. 110. -0.5 0.007 0. 0.
100. 110. -0.5 100. 113.33333333333333 -0.5 0.007 0. 0.
100. 113.33333333333333 -0.5 100. 116.66666666666667 -0.5 0.007 0. 0.
100. 116.66666666666667 -0.5 100. 120. -0.5 0.007 0. 0.
110. 0. -0.5 110. 3.333333333333333 -0.5 0.007 0. 0.
110. 3.333333333333333 -0.5 110. 6.666666666666666 -0.5 0.007 0. 0.
110. 6.666666666666666 -0.5 110. 10. -0.5 0.007 0. 0.
110. 10. -0.5 110. 13.333333333333332 -0.5 0.007 0. 0.
110. 13.333333333333332 -0.5 110. 16.666666666666664 -0.5 0.007 0. 0.
110. 16.666666666666664 -0.5 110. 20. -0.5 0.007 0. 0.
110. 20. -0.5 110. 23.333333333333332 -0.5 0.007 0. 0.
110. 23.333333333333332 -0.5 110. 26.666666666666664 -0.5 0.007 0. 0.
110. 26.666666666666664 -0.5 110. 30. -0.5 0.007 0. 0.
110. 30. -0.5 110. 33.333333333333336 -0.5 0.007 0. 0.
110. 33.333333333333336 -0.5 110. 36.666666666666664 -0.5 0.007 0. 0.
110. 36.666666666666664 -0.5 110. 40. -0.5 0.007 0. 0.
110. 40. -0.5 110. 43.333333333333336 -0.5 0.007 0. 0.
110. 43.333333333333336 -0.5 110. 46.666666666666664 -0.5 0.007 0. 0.
110. 46.666666666666664 -0.5 110. 50. -0.5 0.007 0. 0.
110. 50. -0.5 110. 53.333333333333336 -0.5 0.007 0. 0.
110. 53.333333333333336 -0.5 110. 56.666666666666664 -0.5 0.007 0. 0.
110. 56.666666666666664 -0.5 110. 60. -0.5 0.007 0. 0.
110. 60. -0.5 110. 63.333333333333336 -0.5 0.007 0. 0.
110. 63.333333333333336 -0.5 110. 66.66666666666667 -0.5 0.007 0. 0.
110. 66.66666666666667 -0.5 110. 70. -0.5 0.007 0. 0.
110. 70. -0.5 110. 73.33333333333333 -0.5 0.007 0. 0.
110. 73.33333333333333 -0.5 110. 76.66666666666667 -0.5 0.007 0. 0.
110. 76.66666666666667 -0.5 110. 80. -0.5 0.007 0. 0.
110. 80. -0.5 110. 83.33333333333333 -0.5 0.007 0. 0.
110. 83.33333333333333 -0.5 110. 86.66666666666667 -0.5 0.007 0. 0.
110. 86.66666666666667 -0.5 110. 90. -0.5 0.007 0. 0.
110. 90. -0.5 110. 93.33333333333333 -0.5 0.007 0. 0.
110. 93.33333333333333 -0.5 110. 96.66666666666667 -0.5 0.007 0. 0.
110. 96.66666666666667 -0.5 110. 100. -0.5 0.007 0. 0.
110. 100. -0.5 110. 103.33333333333333 -0.5 0.007 0. 0.
110. 103.33333333333333 -0.5 110. 106.66666666666667 -0.5 0.007 0. 0.
110. 106.66666666666667 -0.5 110. 110. -0.5 0.007 0. 0.
110. 110. -0.5 110. 113.33333333333333 -0.5 0.007 0. 0.
110. 113.33333333333333 -0.5 110. 116.66666666666667 -0.5 0.007 0. 0.
110. 116.66666666666667 -0.5 110. 120. -0.5 0.007 0. 0.
120. 0. -0.5 120. 3.333333333333333 -0.5 0.007 0. 0.
120. 3.333333333333333 -0.5 120. 6.666666666666666 -0.5 0.007 0. 0.
120. 6.666666666666666 -0.5 120. 10. -0.5 0.007 0. 0.
120. 10. -0.5 120. 13.333333333333332 -0.5 0.007 0. 0.
120. 13.333333333333332 -0.5 120. 16.666666666666664 -0.5 0.007 0. 0.
120. 16.666666666666664 -0.5 120. 20. -0.5 0.007 0. 0.
120. 20. -0.5 120. 23.333333333333332 -0.5 0.007 0. 0.
120. 23.333333333333332 -0.5 120. 26.666666666666664 -0.5 0.007 0. 0.
120. 26.666666666666664 -0.5 120. 30. -0.5 0.007 0. 0.
120. 30. -0.5 120. 33.333333333333336 -0.5 0.007 0. 0.
120. 33.333333333333336 -0.5 120. 36.666666666666664 -0.5 0.007 0. 0.
120. 36.666666666666664 -0.5 120. 40. -0.5 0.007 0. 0.
120. 40. -0.5 120. 43.333333333333336 -0.5 0.007 0. 0.
120. 43.333333333333336 -0.5 120. 46.666666666666664 -0.5 0.007 0. 0.
120. 46.666666666666664 -0.5 120. 50. -0.5 0.007 0. 0.
120. 50. -0.5 120. 53.333333333333336 -0.5 0.007 0. 0.
120. 53.333333333333336 -0.5 120. 56.666666666666664 -0.5 0.007 0. 0.
120. 56.666666666666664 -0.5 120. 60. -0.5 0.007 0. 0.
120. 60. -0.5 120. 63.333333333333336 -0.5 0.007 0. 0.
120. 63.333333333333336 -0.5 120. 66.66666666666667 -0.5 0.007 0. 0.
120. 66.66666666666667 -0.5 120. 70. -0.5 0.007 0. 0.
120. 70. -0.5 120. 73.33333333333333 -0.5 0.007 0. 0.
120. 73.33333333333333 -0.5 120. 76.66666666666667 -0.5 0.007 0. 0.
120. 76.66666666666667 -0.5 120. 80. -0.5 0.007 0. 0.
120. 80. -0.5 120. 83.33333333333333 -0.5 0.007 0. 0.
120. 83.33333333333333 -0.5 120. 86.66666666666667 -0.5 0.007 0. 0.
120. 86.66666666666667 -0.5 120. 90. -0.5 0.007 0. 0.
120. 90. -0.5 120. 93.33333333333333 -0.5 0.007 0. 0.
120. 93.33333333333333 -0.5 120. 96.66666666666667 -0.5 0.007 0. 0.
120. 96.66666666666667 -0.5 120. 100. -0.5 0.007 0. 0.
120. 100. -0.5 120. 103.33333333333333 -0.5 0.007 0. 0.
120. 103.33333333333333 -0.5 120. 106.66666666666667 -0.5 0.007 0. 0.
120. 106.66666666666667 -0.5 120. 110. -0.5 0.007 0. 0.
120. 110. -0.5 120. 113.33333333333333 -0.5 0.007 0. 0.
120. 113.33333333333333 -0.5 120. 116.66666666666667 -0.5 0.007 0. 0.
120. 116.66666666666667 -0.5 120. 120. -0.5 0.007 0. 0.