0. 0. -0.5 3.333333333333333 0. -0.5 0.007 0. 0.
3.333333333333333 0. -0.5 6.666666666666666 0. -0.5 0.007 0. 0.
6.666666666666666 0. -0.5 10. 0. -0.5 0.007 0. 0.
0. 10. -0.5 3.333333333333333 10. -0.5 0.007 0. 0.
3.333333333333333 10. -0.5 6.666666666666666 10. -0.5 0.007 0. 0.
6.666666666666666 10. -0.5 10. 10. -0.5 0.007 0. 0.
0. 0. -0.5 0. 3.333333333333333 -0.5 0.007 0. 0.
0. 3.333333333333333 -0.5 0. 6.666666666666666 -0.5 0.007 0. 0.
0. 6.666666666666666 -0.5 0. 10. -0.5 0.007 0. 0.
10. 0. -0.5 10. 3.333333333333333 -0.5 0.007 0. 0.
10. 3.333333333333333 -0.5 10. 6.666666666666666 -0.5 0.007 0. 0.
10. 6.666666666666666 -0.5 10. 10. -0.5 0.007 0. 0.