0. 0. -0.5
3.333333333333333 0. -0.5
6.666666666666666 0. -0.5
10. 0. -0.5
13.333333333333332 0. -0.5
16.666666666666664 0. -0.5
20. 0. -0.5
23.333333333333332 0. -0.5
26.666666666666664 0. -0.5
30. 0. -0.5
0. 10. -0.5
3.333333333333333 10. -0.5
6.666666666666666 10. -0.5
10. 10. -0.5
13.333333333333332 10. -0.5
16.666666666666664 10. -0.5
20. 10. -0.5
23.333333333333332 10. -0.5
26.666666666666664 10. -0.5
30. 10. -0.5
0. 20. -0.5
3.333333333333333 20. -0.5
6.666666666666666 20. -0.5
10. 20. -0.5
13.333333333333332 20. -0.5
16.666666666666664 20. -0.5
20. 20. -0.5
23.333333333333332 20. -0.5
26.666666666666664 20. -0.5
30. 20. -0.5
0. 30. -0.5
3.333333333333333 30. -0.5
6.666666666666666 30. -0.5
10. 30. -0.5
13.333333333333332 30. -0.5
16.666666666666664 30. -0.5
20. 30. -0.5
23.333333333333332 30. -0.5
26.666666666666664 30. -0.5
30. 30. -0.5
0. 3.333333333333333 -0.5
0. 6.666666666666666 -0.5
0. 13.333333333333332 -0.5
0. 16.666666666666664 -0.5
0. 23.333333333333332 -0.5
0. 26.666666666666664 -0.5
10. 3.333333333333333 -0.5
10. 6.666666666666666 -0.5
10. 13.333333333333332 -0.5
10. 16.666666666666664 -0.5
10. 23.333333333333332 -0.5
10. 26.666666666666664 -0.5
20. 3.333333333333333 -0.5
20. 6.666666666666666 -0.5
20. 13.333333333333332 -0.5
20. 16.666666666666664 -0.5
20. 23.333333333333332 -0.5
20. 26.666666666666664 -0.5
30. 3.333333333333333 -0.5
30. 6.666666666666666 -0.5
30. 13.333333333333332 -0.5
30. 16.666666666666664 -0.5
30. 23.333333333333332 -0.5
30. 26.666666666666664 -0.5